0.0
0.0037361675489584294
0.014878771639444602
0.03330546819651934
0.05886319545826738
0.09136905570209605
0.13061133899902477
0.17635068350732
0.22832136610979956
0.28623271652551613
0.34977064738998387
0.41859929220208747
0.4923627424835374
0.5706868749911957
0.6531812593665277
0.7394411362022908
0.8290494551565359
0.9215789624499298
1.016594326845894
1.1136542930353392
1.2123138512297795
1.3121264117089413
1.4126459730719134
1.5134292730043255
1.6140379104976246
1.7140404286394884
1.8130143473357263
1.910548135622294
2.0062431135795906
2.099715274268034
2.190597016561723
2.2785387802632435
2.3632105754345005
2.4443033984728273
2.521530528095165
2.594628695062349
2.663359120176714
2.7275084158154965
2.7868893470157654
2.841341448899734
2.890731498017978
2.9349538359879515
2.9739305446118602
3.0076114724669276
3.0359741137679395
3.059023341102232
3.0767909944265743
3.0893353294893755
3.096740329596048
3.099114885366071
3.0965918478333037
3.089326960912565
3.0774976798917684
3.061301883206522
3.040956485309801
3.0166959589601334
2.988770775714889
2.957445773828292
2.9229984631144874
2.8857172766424397
2.8458997793800864
2.80385084409868
2.7598808049836676
2.7143035994751825
2.6674349088788722
2.6195903082464627
2.5710834359254373
2.5222241930192317
2.4733169827843526
2.4246589997202013
2.3765385777826924
2.329233606775983
2.283010025549946
2.2381204001569697
2.194802594602967
2.1532785412671656
2.1137531174665383
2.0764131340070966
2.041426440899315
2.008941154722521
1.9790850114071221
1.9519648474681226
1.9276662119727457
1.9062531107633265
1.8877678836883804
1.8722312148241838
1.8596422749007322
1.8499789943839111
1.8431984649144215
1.8392374660677193
1.8380131136820839
1.8394236253079852
1.843349197665068
1.8496529903570786
1.8581822094934721
1.868769284302654
1.8812331292989657
1.8953804840865398
1.9110073224507098
1.9279003220041382
1.9458383853223706
1.9645942032239472
1.9839358506250377
2.0036284052290374
2.023435579198555
2.0431213539013418
2.0624516078231756
2.0811957277994972
2.0991281938332516
2.116030127938242
2.1316907976742807
2.1459090653211974
2.1584947739716633
2.1692700622058756
2.1780705994421665
2.184746734534065
2.1891645507034694
2.191206820458383
2.190773854738913
2.187784241163439
2.182175466904502
2.1739044224071384
2.162947782867262
2.149302265110161
2.1329847582450867
2.1140323272170742
2.092502089127212
2.068470962943321
2.042035293970073
2.0133103551866856
1.982429728287264
1.949544567969416
1.9148227537068847
1.8784479339076767
1.8406184679966664
1.8015462725672908
1.7614555783172328
1.7205816050146387
1.6791691622313976
1.6374711840254697
1.5957472061526667
1.5542617947373274
1.5132829356290005
1.4730803939168164
1.4339240532632715
1.3960822448535612
1.3598200758345846
1.3253977671388213
1.2930690105523133
1.2630793547931376
1.2356646302175276
1.2110494215660161
1.1894455979027607
1.171050908589022
1.1560476537683435
1.1446014374283662
1.1368600106447164
1.1329522121086362
1.1329870124947918
1.1370526686421083
1.145215992901796
1.1575217423564943
1.1739921319362931
1.1946264747551845
1.2194009522691824
1.2482685161190556
1.281158922770501
1.31797890130692
1.358612453969047
1.4029212882758082
1.4507453788063405
1.5019036559782832
1.55619481842659
1.6133982648742842
1.6732751406959203
1.7355694937099089
1.8000095331011405
1.8663089847741183
1.9341685358725198
2.003277360677001
2.0733147196121293
2.143951622658362
2.2148525480784764
2.2856772070320557
2.3560823443684864
2.4257235656600877
2.4942571803638236
2.561342050883589
2.6266414372460303
2.689824827101638
2.7505697408195484
2.808563501558799
2.8635049603701783
2.915106166610346
2.963093974232378
3.00721157485279
3.0472199488825567
3.082899226446573
3.11404995029999
3.140494233478219
3.162076804987242
3.178665937449004
3.1901542512597483
3.196459390493611
3.1975245664858463
3.1933189657558363
3.183838019675474
3.1691035340494507
3.1491636775461878
3.1240928286973024
3.0939912819652453
3.0589848141587184
3.0192241132492943
2.9748840724060224
2.9261629528133875
2.8732814195676384
2.8164814556531033
2.756025159679705
2.6921934337116467
2.625284568131535
2.5556127310605756
2.483506370390654
2.409306536975113
2.3333651379690847
2.256043129704778
2.1777086598300075
2.09873516872743
2.0194994604658922
1.9403797537125567
1.8617537231540957
1.7839965420365205
1.707478936435736
1.632565261814687
1.559611612308228
1.488963973004238
1.4209564252599558
1.355909414807246
1.2941280920611393
1.2359007336543388
1.181497253778635
1.131167813424769
1.085141535077909
1.0436253298495475
1.006802843411455
0.9748335264467753
0.9478518346510072
0.9259665626052936
0.909260315110063
0.8977891188127317
0.8915821761930693
0.8906417631882267
0.8949432709506864
0.9044353914408978
0.9190404457665069
0.9386548533962815
0.9631497396034241
0.9923716777342628
1.0261435621585353
1.0642656070407461
1.1065164653823774
1.1526544621258945
1.2024189344871867
1.255531672096777
1.3116984489851014
1.370610638946404
1.4319469053621219
1.4953749561605474
1.5605533542372998
1.6271333733626745
1.694760889358897
1.7630782961440512
1.831726436110996
1.9003465342396193
1.9685821253296998
2.0360809637894794
2.102496905521521
2.1674917516119176
2.230737043750512
2.2919158015871766
2.3507241925609126
2.4068731251225794
2.460089756706386
2.5101189082873727
2.5567243778892927
2.5996901459766106
2.638821466272548
2.673945836188868
2.7049138417287044
2.731599872427524
2.7539027026252185
2.7717459361103454
2.785078311941461
2.79387387002603
2.798131975820232
2.7978772042987137
2.7931590841275837
2.7840517037523145
2.7706531818803515
2.753085005591854
2.7314912400468816
2.7060376144693956
2.676910489773703
2.6443157138535884
2.60847737117473
2.5696364338936104
2.5280493222677642
2.4839863826198734
2.4377302915690966
2.3895743956446913
2.3398209957471416
2.288779586218779
2.236765058527603
2.1840958797533503
2.1310922561928645
2.0780742924717104
2.0253601565605086
1.9732642610475037
1.9220954709137994
1.8721553478950694
1.823736441294365
1.7771206348361273
1.7325775588232704
1.6903630764790978
1.6507178529260074
1.6138660147758996
1.580013907785613
1.549348959467545
1.522038652944069
1.4982296176978291
1.4780468422020825
1.461593012719764
1.4489479818407718
1.440168369588198
1.4352872991700278
1.434314268687448
1.4372351593386723
1.4440123798824644
1.4545851463526716
1.4688698952484531
1.4867608276687994
1.5081305811186552
1.5328310249916648
1.560694175035303
1.591533221431889
1.6251436644874755
1.6613045513134772
1.6997798063165526
1.7403196477838991
1.7826620823667074
1.8265344688267822
1.8716551420227252
1.9177350877747623
1.9644796589631743
2.011590322985945
2.0587664305279483
2.105706995477721
2.152112475769249
2.197686544925539
2.242137844138061
2.2851817048310714
2.326541831831701
2.365951937494538
2.4031573174119587
2.4379163586770214
2.470001972052459
2.4992029398349835
2.5253251716862715
2.5481928612278875
2.5676495367640864
2.583559000100638
2.5958061480661816
2.604297672011489
2.608962631257618
2.6097528971823425
2.6066434653713766
2.599632634012617
2.5887420474736182
2.5740166047705406
2.555524233406457
2.5333555298238903
2.5076232684763755
2.4784617822724577
2.4460262178785763
2.4104916700806194
2.3720522000935347
2.3309197433703295
2.2873229130923654
2.241505706118462
2.193726118727632
2.1442546800060738
2.093372911200489
2.041371719784145
1.9885497373570082
1.9352116108245736
1.881666256569905
1.8282250875483246
1.7752002233929398
1.7229026937208598
1.6716406448739562
1.6217175603140932
1.5734305048209718
1.5270684025114942
1.482910358513564
1.4412240338855569
1.4022640830766617
1.3662706628745669
1.3334680213875165
1.3040631751598206
1.278244682025996
1.2561815167716146
1.2380220560916642
1.2238931787230396
1.213899485980118
1.208122647244899
1.2066208742597047
1.2094285273449108
1.2165558559206935
1.2279888749545271
1.2436893781894163
1.2635950882359046
1.2876199428381487
1.3156545158551014
1.347566570736479
1.3832017435239747
1.4223843516753485
1.4649183242967136
1.5105882486805717
1.5591605273877953
1.6103846394845545
1.6639944989536701
1.7197099027473868
1.77723806043823
1.8362751969593247
1.896508219507934
1.9576164393184097
2.0192733386952977
2.0811483734358154
2.1429088005648027
2.20422152115571
2.2647549279191037
2.3241807472060567
2.382175865097884
2.4384241273358316
2.4926181029841237
2.544460801916424
2.5936673364681906
2.6399665179042033
2.6831023787100077
2.722835612126142
2.758944920802508
2.7912282669545503
2.819504016950196
2.8436119738437293
2.86341429199662
2.8787962685823354
2.889667007458618
2.8959599516027907
2.8976332810393566
2.8946701739403635
2.887078929343518
2.8748929507065384
2.858170590294424
2.8369948551747908
2.8114729763708377
2.7817358434874895
2.7479373078795426
2.7102533581669577
2.6688811726176693
2.6240380536084302
2.575960250035339
2.524901674174162
2.471132520082781
2.414937791190748
2.356615745230935
2.2964762651327066
2.234839164912364
2.172032439962393
2.1083904714543333
2.0442521948289856
1.9799592425508477
1.9158540714498742
1.8522780850621208
1.7895697614110266
1.7280627966428415
1.6680842748431681
1.6099528742172375
1.5539771196151715
1.500453691126234
1.4496657981543661
1.4018816280228787
1.3573528777410855
1.3163133771022104
1.2789778107726992
1.2455405464809497
1.216174575821544
1.191030573562636
1.1702360806827283
1.1538948156723843
1.1420861179203263
1.1348645262658748
1.1322594950449363
1.1342752491889647
1.1408907791598077
1.1520599757224677
1.1677119037769206
1.1877512136936312
1.212058687829626
1.2404919191472485
1.2728861181202442
1.309055043395745
1.348792050990062
1.3918712561348128
1.438048801261521
1.487064223020943
1.5386419106813338
1.592492647740727
1.6483152281249562
1.7057981379281524
1.7646212932881646
1.8244578246777847
1.8849758976355726
1.945840559758905
2.006715603637734
2.067265435321239
2.127156937881587
2.1860613196694914
2.24365593694506
2.2996260807139883
2.353666717802684
2.4054841764652735
2.454797767129127
2.501341329251829
2.544864695679343
2.585135066360101
2.6219382837803114
2.6550800030390342
2.68438675007441
2.709706862181518
2.7309113056241494
2.7478943658335973
2.760574206403473
2.7688932938266033
2.77281868567402
2.772342180682764
2.7674803299943393
2.7582743095648197
2.7447896545464836
2.7271158572150287
2.7053658307815596
2.679675242180361
2.6502017176577515
2.6171239256998984
2.5806405425244376
2.540969106018138
2.4983447646270807
2.4530189282933144
2.4052578290794533
2.355340999627116
2.3035596780536283
2.2502151483014803
2.195617025314334
2.140081494719895
2.0839295169520162
2.02748500594054
1.9710729926365511
1.9150177837221158
1.859641125876774
1.8052603859379224
1.7521867571989744
1.7007235019383413
1.651164240064715
1.6037912935010132
1.5588740956121623
1.5166676746124437
1.4774112194684887
1.4413267363465514
1.4086178031400505
1.379468429058452
1.3540420256644685
1.332480495116653
1.3149034407122944
1.301407504134822
1.2920658330945707
1.2869276823157954
1.2860181500703838
1.2893380516940314
1.296863930748037
1.308548207713676
1.3243194653306976
1.344082868921221
1.3677207192795287
1.3950931349612223
1.4260388600761547
1.4603761929825525
1.4979040305987992
1.538403022398262
1.58163682753501
1.6273534679677206
1.6752867699088199
1.7251578854289211
1.7766768855957857
1.8295444161247942
1.8834534061665873
1.9380908205590777
1.9931394456271112
2.048279698425052
2.103191449186524
2.1575558466722042
2.21105713609133
2.2633844593155357
2.3142336272045436
2.3633088540215015
2.4103244441305094
2.4550064214388994
2.4970940923705753
2.5363415335324007
2.572518995661082
2.605414215910863
2.6348336310599385
2.660603484772914
2.6825708226547142
2.70060436946472
2.714595283525003
2.724457784049629
2.7301296478391355
2.731572572521507
2.7287724042740322
2.721739228725169
2.710507324507597
2.6951349797086945
2.675704172238346
2.652320115901939
2.625110674724293
2.5942256488138207
2.5598359357812743
2.5221325724298866
2.481325662109605
2.43764319377367
2.391329759387332
2.3426451769126038
2.2918630266263937
2.2392691090191046
2.185159832964117
2.129840543242956
2.073623796854168
2.016827597824065
1.9597736004729187
1.9027852912695167
1.8461861595292959
1.7902978672757843
1.7354384285914837
1.681920408732563
1.6300491531720873
1.5801210565696042
1.5324218814416808
1.487225136029674
1.4447905205292102
1.4053624504623812
1.3691686655407176
1.3364189318869868
1.307303844959496
1.2819937399567987
1.260637715876693
1.243362778764558
1.2302731090159846
1.2214494569011085
1.2169486697569365
1.2168033535533662
1.2210216707826704
1.2295872758552135
1.242459388410409
1.2595730041757582
1.2808392422326027
1.3061458267793251
1.3353577007254869
1.3683177677080254
1.404847758397353
1.4447492162610673
1.4878045972799272
1.5337784774685805
1.5824188614458403
1.633458584729536
1.686616801902313
1.7416005523101976
1.798106394518014
1.8558221003572988
1.9144283990654103
1.9736007617309448
2.0330112160319813
2.092330181081353
2.1512283120780626
2.209378344406778
2.2664569268283867
2.32214643346386
2.376136744390825
2.428126984846667
2.4778272132626395
2.5249600486391097
2.569262228111092
2.6104860859437036
2.6484009456369577
2.6827944173058955
2.7134735930327234
2.740266133459402
2.763021239498793
2.781610503686611
2.7959286363714058
2.8058940626418587
2.811449386615826
2.8125617204597835
2.8092228762663787
2.801449419687479
2.7892825849960214
2.7727880520278414
2.7520555862300307
2.7271985438109603
2.69835324474454
2.6656782171233386
2.6293533170776637
2.5895787291765746
2.5465738528981023
2.500576081395937
2.4518394793949008
2.400633367614274
2.3472408216432457
2.2919570936735396
2.2350879659278537
2.1769480450067396
2.117859006708766
2.0581478011574132
1.9981448282915097
1.9381820939429741
1.8785913568351325
1.819702276886403
1.7618405751973427
1.705326216033974
1.650471620997338
1.5975799253890193
1.5469432865459767
1.4988412536267297
1.453539207986406
1.4112868828823062
1.3723169708066947
1.3368438262519913
1.305062271178165
1.2771465098759376
1.2532491593056156
1.2335004003434404
1.2180072546889134
1.206852991481426
1.200096666946668
1.1977727996467786
1.1998911831472632
1.2064368371425567
1.2173700973051513
1.2326268433447483
1.2521188639883343
1.2757343568237756
1.3033385601927734
1.3347745135781042
1.3698639422091134
1.408408260912514
1.4501896915665655
1.4949724878794335
1.5425042606105321
1.5925173957903263
1.6447305579725566
1.6988502700761057
1.7545725609444
1.8115846713707737
1.869566809010713
1.9281939423282175
1.9871376235051772
2.0460678300808945
2.104654814984607
2.1625709545776464
2.2194925843339797
2.275101811858242
2.3290882970685858
2.381150989557041
2.430999813381502
2.478357289839665
2.5229600891244632
2.564560502160907
2.6029278243734306
2.6378496436283747
2.6691330251352907
2.6966055866703287
2.7201164581017867
2.7395371198485003
2.754762115582476
2.7657096351941926
2.7723219647683415
2.774565801065341
2.77243242876555
2.765937759504429
2.755122232503641
2.740050577380838
2.7208114404953374
2.69751687695363
2.6703017111534306
2.6393227694835026
2.604757989514628
2.566805410710806
2.5256820523551653
2.481622685018409
2.434878502495332
2.385715701693701
2.334413978476413
2.281264947929461
2.226570497952201
2.170641085440295
2.1137939846534812
2.0563514976281185
1.9986391367068095
1.940983789413106
1.8837118759974893
1.827147510020938
1.7716106723242178
1.7174154086546782
1.6648680610882214
1.6142655431930037
1.5658936686344025
1.5200255426192233
1.476920025222737
1.4368202752369155
1.3999523827244584
1.3665240979634317
1.3367236639243683
1.310718758838596
1.2886555547965983
1.2706578976619098
1.256826612903041
1.2472389412370817
1.241948107247923
1.2409830233935781
1.2443481310550863
1.2520233795082338
1.2639643429231542
1.2801024747201544
1.3003454978372133
1.3245779286998562
1.3526617319318446
1.3844371021095365
1.419723368148033
1.4583200152173261
1.5000078184255081
1.5445500818773776
1.5916939761240525
1.64117196646578
1.6927033240591487
1.7459957113142162
1.8007468326493021
1.8566461413036917
1.9133765925933262
1.9706164337334973
2.0280410201470676
2.0853246480279766
2.142142392838586
2.198171943386295
2.2530954211499834
2.306601174610084
2.358385538476993
2.4081545479102635
2.455625598074525
2.500529039685877
2.542609701562888
2.581628331607274
2.61736294809852
2.649610093691541
2.6781859850541476
2.7029275516684796
2.723693357944401
2.7403644034496093
2.7528447967471927
2.7610622990427363
2.76496873457579
2.7645402654404965
2.759777529283171
2.7507056390963727
2.7373740451051294
2.7198562595171616
2.698249445680759
2.672673873957132
2.643272247364235
2.6102089007820517
2.573668878221012
2.533856893341571
2.490996179070171
2.445327232781115
2.397106464101805
2.3466047529470404
2.294105925893515
2.239905159465493
2.1843073193142764
2.127625244635163
2.070177987474166
2.0122890168310033
1.954284397663404
1.8964909550394873
1.8392344337690039
1.7828376638701924
1.7276187421966844
1.6738892404585022
1.6219524497232296
1.5721016712787426
1.524618563478592
1.4797715538767184
1.4378143255914055
1.3989843864213058
1.3635017287713527
1.331567587936004
1.3033633057344425
1.2790493059001524
1.2587641869990844
1.2426239379898838
1.2307212808501615
1.2231251439783675
1.2198802693455246
1.2210069556190215
1.2265009387160748
1.2363334104716601
1.250451175329012
1.2687769441845862
1.2912097637480198
1.317625579015447
1.3478779257058444
1.3817987487790562
1.4191993424449454
1.4598714063896816
1.5035882122913735
1.5501058740767646
1.599164714787
1.6504907223768601
1.7037970862713605
1.7587858060490924
1.8151493632156417
1.8725724466751996
1.9307337222060297
1.989307635997507
2.047966242114389
2.106381043618881
2.164224837003703
2.221173549570178
2.2769080594244286
2.3311159878619394
2.3834934540653756
2.433746782251866
2.4815941516727165
2.5267671801892417
2.569012432521294
2.6080928446880027
2.6437890566308804
2.6759006455251297
2.7042472528427983
2.7286695988282674
2.749030378679046
2.7652150353894225
2.777132404907485
2.784715229973439
2.7879205397450133
2.786729893069888
2.781149484031285
2.771210109166801
2.7569669965379022
2.738499497603857
2.715910643624901
2.6893265690807855
2.6588958053382257
2.624788448530025
2.587195206315605
2.546326328873433
2.5024104301265147
2.4556932058190974
2.406436055642517
2.354914617147462
2.3014172196757943
2.2462432669946737
2.1897015577165333
2.1321085529382264
2.073786600829409
2.015062128142299
1.9562638088009683
1.8977207198572803
1.8397604951716873
1.7827074871900304
1.7268809471420956
1.6725932338842704
1.6201480614477801
1.569838795136575
1.5219468057461936
1.4767398911483958
1.43447077410787
1.3953756847689869
1.3596730357748292
1.3275621974602203
1.299222379998155
1.2748116287780422
1.2544659386578902
1.2382984920645868
1.2263990252204722
1.2188333260544282
1.215642866615716
1.2168445720529766
1.2224307274534028
1.232369023062398
1.2466027376264428
1.2650510588257216
1.2876095389927318
1.3141506835528856
1.344524668877338
1.3785601855110965
1.4160654020349805
1.4568290441421825
1.5006215828628107
1.5471965252565438
1.5962918003178155
1.6476312323030284
1.7009260931981713
1.7558767256006353
1.812174226893508
1.8695021852463745
1.9275384576856207
1.9859569802410422
2.0444295999955413
2.102627918741867
2.160225137885383
2.2168978942251396
2.2723280762970646
2.326204611072647
2.378225210973376
2.4280980713845586
2.475543509130629
2.5202955327062133
2.5621033354410496
2.60073270321032
2.6359673287825443
2.667610025422204
2.6954838329308033
2.719433009914883
2.7393239067092567
2.7550457140547584
2.7665110833283832
2.773656614845875
2.7764432114985507
2.7748562957432603
2.7689058887326046
2.758626551147573
2.7440771860722317
2.7253407050256486
2.7025235590355
2.6757551373964605
2.6451870375002584
2.6109922098489906
2.5733639830648873
2.5325149743842337
2.4886758917667953
2.442094234361263
2.3930328986384866
2.341768698034397
2.2885908044305516
2.2337991202394356
2.1777025902515565
2.120617462739774
2.062865509601317
2.004772215547968
1.9466649465286094
1.8888711076848073
1.8317163011986417
1.7755224943923023
1.7206062083810143
1.6672767374649955
1.615834409273005
1.5665688954406174
1.5197575823219127
1.475664010895444
1.4345363946359913
1.3966062236849621
1.3620869631667907
1.3311728529690694
1.3040378157333896
1.2808344791951816
1.2616933183676515
1.2467219223908343
1.2360043901656035
1.2296008581681428
1.2275471630969759
1.229854641246325
1.2365100657306203
1.2474757219097123
1.2626896205871134
1.2820658477787892
1.3054950490819834
1.3328450459166168
1.3639615801701985
1.398669183055113
1.4367721632886343
1.478055709035024
1.5222870974093423
1.5692170047377563
1.6185809102025477
1.6701005849749164
1.723485658457967
1.7784352528286818
1.8346396766836515
1.8917821682610128
1.9495406784322988
2.0075896834343223
2.0656020171440144
2.1232507125893076
2.1802108423372606
2.236161347407002
2.290786844419652
2.3437794008198303
2.3948402681829566
2.4436815638583242
2.490027891488506
2.5336178912894494
2.5742057113706536
2.611562391818919
2.6454771537597823
2.675758586145169
2.7022357235909764
2.724759009201058
2.7432011369608853
2.757457768961487
2.7674481234181916
2.7731154301753587
2.774427251133522
2.771375663795048
2.7639773068942133
2.752273287853253
2.7363289525830075
2.716233518920966
2.692099575766428
2.6640624507278075
2.632279449836622
2.5969289736022203
2.5582095143767694
2.5163385406675918
2.4715512746697588
2.4240993698924456
2.3742494963144605
2.3222818410244916
2.2684885327769955
2.213171999322625
2.1566432667502697
2.0992202104040016
2.0412257672106695
1.9829861194710403
1.9248288603279902
1.8670811512284473
1.8100678817409566
1.7541098420776469
1.6995219185980999
1.646611322443543
1.5956758612636466
1.5470022637560439
1.5008645664418696
1.457522571750803
1.417220386088263
1.3801850461078013
1.346625240915884
1.316730137396958
1.2906683152669636
1.2685868178465733
1.2506103238948474
1.236840445163376
1.2273551536241523
1.222208341595341
1.2214295172419178
1.2250236371669974
1.2329710770388869
1.2452277404227685
1.2617253052088453
1.2823716062551125
1.3070511520970112
1.3356257728223786
1.3679353954725786
1.4037989426136082
1.4430153490283848
1.4853646908171956
1.530609420561186
1.5784957016073298
1.628754833975907
1.6811047638762537
1.7352516683463455
1.7908916061092666
1.8477122253671814
1.905394518933157
1.963614616834886
2.0220456063135313
2.0803593689867244
2.1382284248480996
2.195327772737138
2.2513367169327885
2.305940669602177
2.358832918971308
2.409716353277222
2.458305130809512
2.5043262866520477
2.5475212670914913
2.5876473830656916
2.624479174480088
2.6578096777212115
2.6874515892404833
2.7132383186656828
2.7350249255184123
2.752688934270161
2.766131023153431
2.7752755828540585
2.7800711419422823
2.7804906566492376
2.776531663358115
2.768216292950968
2.755591146928739
2.738727035999112
2.7177185825999626
2.692683689591061
2.6637628780990594
2.631118498236358
2.5949338171291183
2.555411989379436
2.5127749157476003
2.4672619964687854
2.419128786210867
2.3686455582330095
2.3160957858151505
2.2617745494935915
2.20598687905504
2.149046039608231
2.0912717713666584
2.0329884930362034
1.9745234789060715
1.9162050198893035
1.8583605788493938
1.8013149505816881
1.7453884367920969
1.690895046331373
1.6381407308012514
1.5874216654499205
1.539022585019717
1.4932151839010377
1.4502565895849673
1.4103879179950896
1.3738329188186613
1.340796718451409
1.3114646676214663
1.286001300169524
1.2645494088373908
1.247229243259401
1.2341378346641387
1.2253484510816373
1.2209101861175744
1.2208476836051316
1.225160999681343
1.2338256030622257
1.2467925135140945
1.263988577741595
1.2853168811404974
1.3106572930995377
1.3398671427848459
1.372782021607007
1.4092167078586608
1.4489662083237822
1.4918069110022438
1.5374978424686543
1.5857820227962858
1.6363879104284798
1.6890309288743108
1.743415066645359
1.7992345414387598
1.8561755192105953
1.913917878475175
1.9721370099115858
2.0305056411604765
2.088695676552504
2.1463800414260152
2.2032345206658124
2.2589395811274406
2.313182167702096
2.365657462925546
2.416070600239481
2.4641383212743726
2.5095905678376984
2.5521719996585652
2.5916434293572337
2.6277831665734848
2.6603882636985534
2.68927565620861
2.7142831911903853
2.7352705382781903
2.7521199778827206
2.7647370622819687
2.7730511458593816
2.777015781510119
2.776608980988706
2.7718333377363518
2.762716011499372
2.749308574827205
2.7316867223150565
2.7099498442278698
2.6842204669047995
2.654643563092336
2.62138573608549
2.5846342822659127
2.5445961373094677
2.5014967119897764
2.4555786241249313
2.4071003337984407
2.356334689529224
2.303567393566101
2.249095394936851
2.1932252192880366
2.1362712449071153
2.0785539346208424
2.0203980335119924
1.962130742588518
1.9040798786743867
1.8465720308687241
1.7899307239390965
1.7344745989756976
1.6805156215360684
1.6283573273553302
1.5782931154856152
1.5306045984616294
1.48556001876857
1.4434127405157573
1.4043998247964207
1.3687406967434745
1.3366359117754902
1.3082660279692986
1.2837905908988945
1.2633472366479035
1.2470509180383786
1.234993258425848
1.2272420366932353
1.2238408063385509
1.2248086507972586
1.2301400763741908
1.2398050433861263
1.2537491353390156
1.2718938651876894
1.2941371169551068
1.320353720227101
1.3503961542914558
1.384095377961191
1.421261780415246
1.461686247709308
1.5051413389591541
1.5513825655822227
1.600149766403669
1.6511685708941497
1.704151942311048
1.7588017920655883
1.8148106562378132
1.8718634248119712
1.9296391139084381
1.9878126710465516
2.046056803287027
2.1040438179739898
2.161447465725821
2.2179447753113926
2.2732178700938936
2.3269557558281093
2.3788560697580934
2.4286267811797835
2.475987833906019
2.5206727213980966
2.5624299857066095
2.60102463179272
2.636239449276819
2.6678762341820486
2.695756903802467
2.7197244984265825
2.739644064283165
2.7554034127441125
2.766913751514925
2.7741101842631393
2.7769520758748025
2.7754232812846302
2.7695322365925805
2.7593119119539136
2.744819626507034
2.7261367263791394
2.703368127579598
2.6766417263506868
2.6461076802905863
2.611937564290168
2.574323406029004
2.5334766064532603
2.4896267513048795
2.443020320384055
2.3939193018020597
2.342599719015719
2.289350078925259
2.2344697497611343
2.1782672778802374
2.1210586529354396
2.0631655311727197
2.004913426845621
1.9466298819160788
1.8886426243328047
1.8312777252426669
1.7748577654965698
1.7197000217591116
1.666114682421125
1.614403103346685
1.5648561132622414
1.5177523783164604
1.473356835006717
1.4319192002838248
1.3936725672126957
1.3588320940856187
1.3275937943594467
1.3001334342211286
1.2766055439809172
1.2571425488526167
1.2418540240090055
1.2308260781018623
1.224120868713749
1.2217762524669458
1.2238055717578344
1.2301975793168733
1.2409165010193912
1.2559022365951253
1.2750706971091028
1.2983142773174712
1.3255024602435546
1.3564825505760019
1.391080532766593
1.4291020490041333
1.4703334915668618
1.5145432034126896
1.5614827802580065
1.6108884668251562
1.6624826394091992
1.7159753664292265
1.7710660381909997
1.8274450566985174
1.8847955760144581
1.9427952833852025
2.001118211116905
2.0594365690161447
2.1174225870930314
2.174750358166881
2.2310976700150955
2.2861478167646228
2.339591379342023
2.3911279649721
2.4404678959452406
2.4873338381588
2.5314623602764224
2.5726054147392428
2.610531732302243
2.645028122255177
2.6759006710177182
2.7029758323698054
2.726101403187393
2.745147379197496
2.760006685940943
2.7705957808328554
2.776855122935545
2.7787495078022646
2.776268265508824
2.769425320759256
2.758259114727143
2.74283238907157
2.7232318333415195
2.699567597750594
2.6719726740608385
2.640602148055967
2.605632327806222
2.567259752625434
2.5257000882916016
2.4811869147417767
2.433970413056552
2.3843159591156784
2.3325026318310385
2.278821644343481
2.2235747070031278
2.167072331336292
2.109632084533946
2.051576804274845
1.9932327839194286
1.9349279382772178
1.8769899602596265
1.8197444787813817
1.763513228266711
1.7086122400512296
1.6553500658473554
1.604026043260825
1.5549286131094613
1.508333698004115
1.464503151307277
1.4236832851891819
1.3861034860565382
1.3519749251377915
1.3214893714738476
1.294818113987446
1.2721109986911183
1.2534955864463408
1.2390764360087347
1.2289345163897925
1.2231267518385736
1.2216857020012035
1.2246193790560242
1.2319112028521464
1.2435200943032818
1.2593807065114477
1.2794037923207942
1.3034767062347872
1.331464037874569
1.3632083734167795
1.398531180729612
1.4372338132304314
1.4790986268208246
1.5238902036192188
1.5713566756107893
1.6212311407726343
1.6732331637123021
1.7270703523826214
1.7824400020080882
1.83903079698021
1.8965245611533121
1.9545980467002173
2.0129247514704423
2.071176754633331
2.1290265602857663
2.1861489386593504
2.242222754575462
2.296932772868325
2.3499714306257364
2.40104056628369
2.4498530958537272
2.4961346268591216
2.5396250009062222
2.5800797562185585
2.617271501911309
2.650991196279983
2.68104932191684
2.7072769510486654
2.729526695106726
2.7476735331906466
2.761615514768845
2.7712743326652567
2.7765957631113913
2.7775499703901563
2.7741316743592113
2.7663601799125526
2.754279268215257
2.737956950323475
2.7174850845754723
2.6929788599054514
2.6645761479857004
2.6324367278401
2.5967413872890317
2.557690906278207
2.515504927808023
2.4704207228119808
2.4226918559289556
2.3725867596712873
2.320387225005688
2.266386816833898
2.2108892232822415
2.1542065480813695
2.0966575556374196
2.03856587866179
1.9802581984372125
1.922062407951633
1.864305768227714
1.8073130682139988
1.7514047985837375
1.6968953497091488
1.6440912439429491
1.5932894121460668
1.5447755241516654
1.4988223825523261
1.4556883888411887
1.4156160905310253
1.37883081741991
1.3455394146709052
1.3159290798288414
1.2901663103128675
1.2683959673022933
1.2507404612788129
1.2372990638041816
1.2281473494026554
1.2233367706859783
1.2228943691095515
1.2268226229858228
1.235099433609208
1.2476782495703247
1.2644883285603448
1.2854351351932412
1.3104008726089398
1.3392451448682112
1.3718057464147586
1.40789957416553
1.447323657100808
1.4898562975649885
1.535258317860878
1.5832744051283199
1.6336345469453708
1.6860555495801601
1.7402426303568646
1.795891075182532
1.8526879519151236
1.910313869939177
1.968444776055702
2.0267537765887376
2.0849129754636055
2.142595317922096
2.199476429508126
2.2552364399840132
2.3095617819222225
2.3621469538598494
2.4126962381023342
2.4609253635178976
2.50656310397347
2.5493528034247497
2.5890538190853984
2.625442874561004
2.658315315339633
2.6874862595798192
2.7127916377255095
2.734089115102555
2.7512588923092824
2.764204378900762
2.772852736578811
2.7771552888334594
2.777087794732485
2.772650585319451
2.763868561853156
2.750791055898206
2.7334915520531573
2.712067274874995
2.6866386423222726
2.657348588789733
2.624361761540452
2.5878635950533777
2.5480592684905456
2.505172552145428
2.459444549358071
2.4111323409704197
2.360507539943203
2.307854764260871
2.2534700367105067
2.197659120531807
2.140735800295772
2.0830201176777354
2.024836572043959
1.9665122959688766
1.9083752159410303
1.8507522085990313
1.7939672628640246
1.7383396583020017
1.6841821699580595
1.6317993097558912
1.5814856143502156
1.5335239890586931
1.488184117184582
1.4457209436737544
1.4063732416317587
1.37036226976076
1.3378905282650089
1.309140620219872
1.284274224806509
1.263431188185335
1.246728737120006
1.2342608197735192
1.2260975773830158
1.222284949784027
1.2228444170023554
1.2277728783667656
1.237042669822461
1.2506017193483103
1.2683738396043163
1.2902591561642578
1.316134668926123
1.3458549435441762
1.3792529289954625
1.4161408966843827
1.4563114958056267
1.4995389190321036
1.5455801719742137
1.594176439273355
1.6450545396492404
1.69792846172046
1.7525009719635767
1.8084652857704453
1.8655067922086739
1.9233048227881948
1.981534454289487
2.0398683355174705
2.097978527710561
2.1555383482575916
2.2122242073566953
2.2677174272899094
2.3217060340849964
2.37388651149121
2.4239655074076025
2.4716614831697936
2.516706296422371
2.5588467086774886
2.5978458090836574
2.6334843463998046
2.6655619616857726
2.693898314778614
2.718334098221217
2.7387319329425464
2.7549771406536316
2.766978388616546
2.774668203161195
2.7780033490626543
2.7769650726459734
2.77155920725152
2.761816140467795
2.7477906433158226
2.729561562345371
2.707231376374019
2.6809256203610827
2.6507921796554452
2.617000458585111
2.5797404280628085
2.5392215575621635
2.495671637469081
2.4493354984293028
2.400473634892243
2.34936074058983
2.2962841641842173
2.241542293767068
2.185442879293116
2.1283013023796915
2.0704388031997887
2.012180674437523
1.9538544324599794
1.895787975987573
1.8383077426153227
1.7817368735495183
1.7263933968780831
1.6725884395887223
1.6206244783873247
1.57079363915094
1.5233760545762094
1.4786382892569434
1.4368318410454275
1.3981917271231485
1.3629351627303743
1.3312603399830574
1.30334531364282
1.279347000104448
1.2594002952287833
1.2436173159807138
1.232086770135897
1.2248734575998057
1.222017906142724
1.2235361435985936
1.2294196078083683
1.2396351948140967
1.2541254450326624
1.2728088663623516
1.2955803924055378
1.322311973231116
1.3528532953551353
1.3870326268915811
1.4246577831215135
1.465517207051744
1.5093811588877275
1.5560030077330025
1.6051206182527644
1.6564578245052486
1.7097259826545135
1.7646255938347295
1.8208479880416666
1.878077059583969
1.9359910443369235
1.9942643288064092
2.0525692808318774
2.1105780916355528
2.1679646188612645
2.2244062202407617
2.279585567578066
2.3331924308530807
2.38492542241369
2.4344936914499757
2.4816185592237185
2.5260350858594656
2.567493559888211
2.605760902169082
2.640621976295803
2.6718807981205077
2.699361637594659
2.722910006732282
2.7423935281409726
2.757702679237644
2.7687514079649174
2.775477616546536
2.777843510562115
2.775835811378767
2.7694658307453954
2.758769407130426
2.743806704161067
2.724661872297516
2.7014425756444553
2.6742793865604377
2.6433250514690485
2.608753631999872
2.5707595262882323
2.5295563759364685
2.4853758647823514
2.4384664162285423
2.389091796457323
2.3375296313839624
2.284069845687079
2.229013032692461
2.172668764275569
2.1153538502851803
2.0573905572744327
1.9991047965543143
1.9408242917571175
1.8828767362125705
1.8255879504966344
1.7692800505119695
1.7142696363998633
1.6608660124662764
1.609369448130289
1.560069489672575
1.5132433322759151
1.4691542615107596
1.428050173028409
1.3901621787846563
1.3557033076302225
1.3248673075737463
1.2978275564514432
1.274736087128038
1.255722732709632
1.2408943965744126
1.2303344513253276
1.2241022700440023
1.2222328924813182
1.2247368280614084
1.2315999968066007
1.2427838085153933
1.2582253797482332
1.2778378874010572
1.301511056878602
1.3291117821227183
1.360484874009584
1.3954539329079632
1.4338223404925836
1.4753743652362028
1.5198763753647808
1.5670781524559885
1.6167142982954128
1.6685057270804968
1.7221612345823891
1.7773791354431938
1.8338489594030225
1.8912531969199309
1.94926908436811
2.007570418777181
2.0658293919093507
2.123718433362461
2.180912052336213
2.2370886677063746
2.2919324161175028
2.3451349279283127
2.3963970610245666
2.4454305827512366
2.4919597905073987
2.53572306189217
2.5764743256860956
2.6139844453974868
2.6480425075948055
2.67845700778152
2.7050569271459146
2.7276926941318793
2.7462370254242887
2.760585641620555
2.770657853564508
2.776397016045936
2.7777708463148576
2.7747716056196405
2.7674161427482327
2.755745799327641
2.739826177414039
2.7197467706801426
2.695620461273413
2.667582885173883
2.63579166961976
2.6004255468882516
2.561683349414225
2.5197828918964906
2.4749597466768987
2.427465919277501
2.377568431542384
2.3255478203502635
2.2716965603386274
2.216317419507458
2.1597217569479366
2.102227772266939
2.0441587165497195
1.985841074919428
1.927602730911802
1.8697711229856275
1.8126714035337752
1.7566246107455685
1.701945863598985
1.6489425901311572
1.5979127989485338
1.549143403694962
1.5029086098982025
1.4594683732646794
1.4190669380905612
1.3819314640068299
1.34827074877935
1.3182740543448968
1.292110042683675
1.2699258275113183
1.2518461471221864
1.2379726630346168
1.2283833883814868
1.2231322492599692
1.2222487815068175
1.2257379646041056
1.2335801936493542
1.2457313895477227
1.262123246806811
1.2826636175409711
1.3072370295261937
1.3357053353929698
1.3679084893072082
1.4036654467725096
1.4427751824948645
1.485017820587047
1.5301558707583653
1.5779355635395336
1.6280882770356206
1.6803320471854235
1.7343731530361073
1.789907768120187
1.8466236686502737
1.9042019889275552
1.9623190140945215
2.0206480001524856
2.0788610110111483
2.136630762241699
2.1936324611672404
2.2495456329449284
2.3040559223729637
2.356856861292056
2.4076515916444183
2.456154534502655
2.5020929956846802
2.545208698927332
2.5852592379986454
2.622019439584486
2.655282629286915
2.684861793616384
2.7105906314446164
2.73232448900653
2.749941173194266
2.763341638570681
2.7724505442396574
2.7772166774422793
2.777613241497244
2.7736380064665846
2.7653133216995758
2.75268599018427
2.735827005413071
2.7148311522417448
2.6898164739859545
2.660923608751445
2.6283149987292336
2.59217397690139
2.552703736292229
2.510126187560114
2.4646807113528486
2.416622812441318
2.366222683198276
2.3137636844988614
2.259540752583722
2.203858740841873
2.147030705836338
2.089376147209092
2.031219211361145
1.9728868690072603
1.9147070768517025
1.8570069337206745
1.8001108415182756
1.7443386813456931
1.6900040150380846
1.6374123222307035
1.5868592828660595
1.5386291147984235
1.492992975842209
1.4502074392484348
1.4105130511806365
1.3741329783005651
1.3412717530673832
