0.0
0.13059835336388723
0.4923134726962122
1.01649391212126
1.6138843546668489
2.190402768406585
2.6631494538910068
2.973739044806133
3.0966023800598794
3.0409020739554435
2.8459470812099186
2.5712344919639127
2.283249427351681
2.041723338946138
1.888080981457685
1.8382977179637783
1.8814489188671086
1.9840538805813224
2.0991358002965503
2.1779732791760122
2.181995397306197
2.092273608372179
1.9145857090553593
1.6789614403691482
1.4337747504606309
1.235589174797216
1.1368581461466831
1.1740490883110812
1.3587029929846957
1.6733695889784468
2.073385712747837
2.4942857117435757
2.8634844840611655
3.1139876959782846
3.1974398033259983
3.093910900184803
2.8164337913226083
2.4093147348835595
1.940456069313156
1.4891062353137956
1.1313588411338635
0.9261767309852963
0.9046279068199888
1.0644034873650292
1.370664036013288
1.763030701736723
2.1673438267352805
2.5098891249555644
2.7313217733019757
2.7975937458993463
2.7057936342660907
2.4838206051255276
2.184033976981077
1.8722053744503646
1.614017084922136
1.4618174643870796
1.4442710006635275
1.560943478993754
1.7828622386845074
2.058888331124286
2.3265719664828888
2.525267418993257
2.6088366843191797
2.5553610391491803
2.3718873704489347
2.093239448819263
1.7751220195490394
1.4828977452989802
1.2782928917183873
1.2067116630292587
1.2877259937378933
1.510679408942692
1.836325238904779
2.2042140172150817
2.544392891398922
2.7911115269520113
2.8958181787989408
2.836859199379403
2.623940489628027
2.296442736864059
1.9158987203329532
1.55409880220592
1.2791596578797764
1.142298280409171
1.1679169890187036
1.3489522074052287
1.6483994932283537
2.0067060628429134
2.3535622419746844
2.6217550805945624
2.7603430422453226
2.7445502572167086
2.5804342509798115
2.303421753438532
1.9710260755932851
1.6512142182277934
1.408752883086163
1.2922589853426478
1.3245337526950542
1.4980997691737703
1.7768192344704992
2.1032569490074837
2.4103052402472853
2.6347385808388486
2.7299821313402406
2.6755370776563074
2.481174572811906
2.185055791756512
1.8461494593792505
1.5324581166093116
1.3074029961452327
1.217087384000044
1.2809858256159248
1.4879256944601373
1.7981739922608755
2.1512256413713535
2.4777523483908515
2.713340011169552
2.8112833647448707
2.751890950679096
2.5464451325548794
2.2350233258684162
1.8786067391551076
1.5470389491814975
1.3052224401322927
1.2002923971592403
1.2523135627062854
1.4503462235022593
1.7546605336539987
2.104656600215485
2.430914104753162
2.6689752163515834
2.772121259841965
2.720605253764077
2.5255087930221483
2.2264621547375665
1.8836878583512173
1.5659571135216814
1.3368609304109067
1.2421315514870617
1.3005389734729407
1.500173810310815
1.8008538116014525
2.1421709392470376
2.4555720901729443
2.678063133993156
2.7648028761958954
2.698075143164911
2.4908492233638713
2.184217529562707
1.8392196956036009
1.5246812920986796
1.3034900337183357
1.220044433313957
1.2913771242861298
1.5037238154904324
1.8152246446649785
2.1642234412764716
2.481515297736375
2.704105966949379
2.7877447041750583
2.715735447070854
2.5022713262819263
2.189627138798273
1.8397667066210022
1.5220336631459337
1.299373851988209
1.2158299572508746
1.2877959651103292
1.5007709237308553
1.8122571280649908
2.1602251378146726
2.475460328616201
2.6953334700172524
2.7762548182558007
2.70233371562555
2.488521410309462
2.177613273319533
1.8317090891086316
1.519833247824179
1.3041808589900719
1.2277289245156575
1.3056794189514043
1.5224376863322093
1.8347270218654148
2.180218219239952
2.4899545791778097
2.702097079700549
2.774251587649876
2.6919224633342047
2.4714084141677204
2.156563350844073
1.8100668695734068
1.50094251162919
1.290809377421543
1.2216051520051006
1.307225840729601
1.5307477938036504
1.847786158402489
2.195322033997325
2.504241611694737
2.7130912939034157
2.7803104339990234
2.6925061853286008
2.4671227297299674
2.1489730379881054
1.8013231378843737
1.4933033706868861
1.2861523798988006
1.2210319989786074
1.310838505726239
1.5376401400175121
1.8562507271355542
2.2032277036849375
2.509503006079799
2.71413213770566
2.7764242473426988
2.6840385144715846
2.455435334898628
2.1361948083896527
1.7899360536268576
1.4856458075186003
1.2839395895446473
1.224991113263676
1.320533328652728
1.5515236559104164
1.8719380750676875
2.217938346695842
2.520586750807989
2.719576368589747
2.775242736342637
2.6764649286635422
2.442882633576749
2.1209875893749324
1.7748675031184982
1.4734453953779854
1.276755193065207
1.2239863627024745
1.3256782115231514
1.5616182973581838
1.8848636771305651
2.2310846152984527
2.5313706021974487
2.7259491092558448
2.7760857076084635
2.6717962029539435
2.433835217852302
2.109565179238508
1.7635280626602423
1.4645969202319908
1.2722651867108827
1.2248034332988338
1.3316414389513849
1.5714921988566315
1.8965912831817768
2.242207410540867
2.5395306259220285
2.7293720236869183
2.77394741695818
2.6643988852702543
2.422556765584574
2.0965914188897066
1.7514206779390957
1.4557830358978494
1.2685504760746706
1.2270061981996592
1.3394212347194145
1.5834079774706145
1.910378383437429
2.2552191227040335
2.549257188478662
2.733934329192927
2.7724675325643977
2.6571737903368673
2.411000657554352
2.08295780454324
1.738359135563198
1.4458183234365045
1.2635870506858158
1.227956142313711
1.3460290596436482
1.5943066732638258
1.923365177342498
2.267695824050754
2.558747398163898
2.738574652104438
2.7713752521342685
2.6506181749957447
2.4003442411653144
2.070379813333667
1.7264165973821162
1.436932661082583
1.2595587121182616
1.2296041290858406
1.353027224935396
1.605249359406266
1.9360489856740046
2.2795611811600476
2.567391696451633
2.7422344523847637
2.7692811886062043
2.643151572090389
2.3889639825395683
2.057333818885456
1.7142952350326544
1.4281529822903942
1.2558822612728149
1.2317844697819775
1.3606575600390818
1.6168408226019229
1.9493242717725214
2.2919053016852815
2.5763703355526246
2.7460768938132727
2.767231781050086
2.6356198102479476
2.3774433123096577
2.0441052622981215
1.7019747227545994
1.4191723624257235
1.252007136847252
1.2337646797543091
1.3680797202939046
1.6282121382427255
1.9623708221166558
2.304025341587631
2.5851523401295333
2.749779229706563
2.7651285693740943
2.628144221465008
2.3660998879419832
2.0311688564711132
1.690036139436476
1.4106212742191084
1.2485553354445185
1.236104647565884
1.3757465352467144
1.6396762039055295
1.9753429239554146
2.31591322713074
2.5935778310117406
2.75305280929151
2.762586853541629
2.620283026712597
2.354476322280081
2.0180918671995944
1.6781070951270456
1.4022160428356765
1.2453509939933518
1.2387450945906529
1.3837136389806
1.6513922076610121
1.9884837913205722
2.3278706092700263
2.6019777398005566
2.7562277773609174
2.759907607352744
2.612283652384243
2.3427480020356177
2.0049663257458743
1.6661927503771408
1.3938791716819627
1.242245165030574
1.2414825076377636
1.3917437596483682
1.6631118185960958
2.0015565156965236
2.3396922675216487
2.6101948779227424
2.759206131664579
2.757057250476685
2.604176110588296
2.331002060127632
1.9919252948052533
1.654457494078683
1.3857899027275873
1.2394152170021622
1.2444769305588603
1.3999667426791673
1.6749253546689538
2.014606671940874
2.35137808181716
2.6181864982045386
2.7619090064364484
2.7539299194086277
2.595838294549928
2.319111506243008
1.9788478797541271
1.6427962589878444
1.377866787738411
1.2368086884831835
1.2477075717948112
1.4083934236774223
1.6868726728003844
2.027698309551872
2.3630097276060833
2.626044189371565
2.7644297017584147
2.7506126111159186
2.5873437203762415
2.307130608668416
1.9657651982391189
1.631215266730219
1.370091668867364
1.2343857225585866
1.2511174236683533
1.4169555913225933
1.6988811057165187
2.0407611857901644
2.374525731806005
2.6337204598784076
2.766738322130695
2.7470947609350453
2.578700934987116
2.2950849872848944
1.9527164045657157
1.61976262604473
1.3625165246561537
1.2321971266203762
1.2547516212090113
1.4256891383906454
1.710974918082456
2.0538068359135724
2.385925039460542
2.6412028806988688
2.768813111458205
2.743347876569835
2.569877556170307
2.28294121325209
1.9396696551902584
1.6084103485196937
1.355119033224811
1.2302275457052216
1.258602543454107
1.4345944077936852
1.723162116807225
2.066850119490725
2.397228074588444
2.648515735203854
2.770680185001292
2.739397689646685
2.56089670045285
2.2707177395536493
1.9266370802146684
1.5971631582712091
1.3478961457598022
1.2284665747822914
1.2626536075472183
1.443650462683006
1.7354196793634458
2.079868378827281
2.4084148876581954
2.655643741565555
2.7723302796579103
2.735241557271937
2.551762158945534
2.258423885360742
1.9136320619762481
1.5860367032145377
1.3408639004856309
1.2269289335356146
1.2669168695294242
1.4528658385534137
1.747752291247492
2.0928626043464917
2.4194833045991477
2.662582319684925
2.7737572398321584
2.730872516345454
2.542466775170725
2.2460527240794854
1.9006481520823448
1.5750251426495165
1.334017150735806
1.2256102841334868
1.271388989989189
1.4622384657432324
1.7601594693808933
2.1058341896908574
2.4304367677912184
2.669336926472865
2.7749682351455722
2.7262988640564236
2.533019145535438
2.2336121743878916
1.8876916019474845
1.5641322133179996
1.3273565586326435
1.2245080495433132
1.2760644318341854
1.4717605462676522
1.772632179741135
2.1187740642921464
2.441267361536929
2.6759018014017553
2.7759603179118737
2.721520687039936
2.523422156653753
2.2211072895558064
1.8747687211389163
1.5533644576557386
1.3208879385826717
1.2236265731268903
1.2809456499898788
1.4814325972596367
1.7851692925417626
2.1316799931437447
2.451972407307686
2.682274459410752
2.776731679584212
2.716537093928739
2.513675801330103
2.2085386700011096
1.8618802806758463
1.5427223366507494
1.3146110419084258
1.2229646830416954
1.2860305847837457
1.4912519617283786
1.79776804712052
2.1445497085688787
2.4625507024102804
2.6884551815149305
2.777284248002861
2.711351513109275
2.5037845602740245
2.1959111676976466
1.8490307085629007
1.5322090908004806
1.3085273346138386
1.2225217756765345
1.2913166223517503
1.5012144262105154
1.810423322965045
2.1573780343836853
2.4729978715253287
2.6944410998490165
2.777617092426779
2.705965029066508
2.49375125148707
2.1832287520230316
1.8362243581109634
1.521828652863277
1.302639639859328
1.22229911818688
1.296803347662834
1.511318101115428
1.8231322452501764
2.1701617750118585
2.4833110989043576
2.7002303717183724
2.7777297099954126
2.7003785479946796
2.4835779525694646
2.1704941812758975
1.8234640300875287
1.511583215816579
1.296949018251333
1.2222963517052667
1.3024889957976282
1.5215601307349282
1.8358914236710546
2.1828976916237006
2.4934879742211438
2.7058219444669915
2.7776226764018523
2.6945942262480362
2.4732680378332104
2.1577114364634284
1.810753569179635
1.5014757575335325
1.2914570061390989
1.2225132659594928
1.308371636068385
1.531937218573569
1.8486968117373197
2.1955817462794966
2.503525222804556
2.711213911708288
2.7772957923375228
2.688613579884908
2.4628244170127465
2.14488423442256
1.798096764553006
1.491509401647773
1.2861654654918362
1.2229501227702901
1.3144499135349859
1.5424466982274714
1.8615449949217928
2.2082104829146765
2.5134200542134972
2.71640471435823
2.7767490413800098
2.6824381305002096
2.4522498312502723
2.132015968743475
1.7854969616169298
1.4816867531021622
1.281075717025673
1.223606673770235
1.3207220432211861
1.553085592637344
1.8744323926491073
2.2207804328318423
2.52316981080742
2.721393048492855
2.77598274995544
2.676069788718803
2.441547413882229
2.119110388979238
1.7729577939798358
1.4720106164355897
1.2761891834473853
1.2244826772775765
1.3271861631900854
1.5638507822664247
1.8873552376900813
2.233287917987853
2.5327716221219787
2.7261774093473243
2.774997066853908
2.6695103180847104
2.4307201861201437
2.106171170063659
1.7604828597444802
1.462483800909397
1.271507332905082
1.2255779769857842
1.3338405337952564
1.5747393005874601
1.9003099365872338
2.2457294412232565
2.5422227892209968
2.7307564367103128
2.7737922419238648
2.662761526758471
2.419771150229323
2.0932019047066417
1.7480756197543874
1.4531089390239786
1.2670314382523684
1.226892226363017
1.3406832531583404
1.5857480657928282
1.913292839834956
2.258101512490444
2.5515206786594113
2.7351288817701525
2.7723686643657715
2.6558253697594236
2.4087034431645096
2.080206292188054
1.7357396032371708
1.4438886903161148
1.2627627615381882
1.228425039029026
1.3477123623996925
1.5968739343512128
1.926300242050347
2.270400598626127
2.560662629032864
2.739293480961651
2.7707267166538116
2.648703796770989
2.3975201918444267
2.067188013292416
1.7234783122041846
1.4348256819098388
1.2587025338558542
1.2301760074237396
1.3549258992623987
1.6081137828665697
1.939328483246443
2.282623234020752
2.56964606078748
2.74324905534843
2.768866855419813
2.641398808576999
2.3862245417081684
2.0541507302135416
1.711295194488076
1.425922458703061
1.2548518884254984
1.23214462564452
1.3623218180039234
1.6194644321032086
1.952373883255786
2.2947659704120618
2.578468444727182
2.746994499387551
2.766789620208921
2.6339124838728245
2.374819698244326
2.0410981384256974
1.6991937009651168
1.4171815407821575
1.251211913308466
1.234330333223754
1.3698980209733378
1.6309226642961838
1.9654327440218902
2.306825364724883
2.5871272771841123
2.7505287462252452
2.764495592425465
2.62624693578004
2.363308885026342
2.028033929872142
1.6871772568972494
1.4086054050406782
1.2477836443930048
1.2367325194857708
1.377652373308913
1.6424852462719224
1.9785013785643075
2.318798010919817
2.5956201117085262
2.7538507963951506
2.761985418668477
2.618404328100003
2.3516953519295427
2.0149617929855284
1.6752492543410473
1.4001964711914054
1.2445680466888769
1.2393505020768552
1.3855826807333695
1.6541489084335932
1.991576092821798
2.3306805259919874
2.603944550081977
2.7569597142393687
2.759259812500337
2.610386881958808
2.339982385836205
2.0018854263740447
1.6634130675649739
1.3919571175901457
1.2415660292552126
1.2421835398099492
1.3936866993287211
1.665910350752658
2.0046531874753257
2.3424695475997903
2.6120982360889577
2.7598546184951163
2.7563195427960925
2.6021968630550334
2.3281732979971017
1.9888085274726448
1.6516720440097106
1.3838896752669128
1.2387784427331188
1.2452308337617364
1.4019621398987747
1.6777662497818946
2.0177289667617937
2.3541617436994584
2.6200788649768993
2.762534690678798
2.7531654403352044
2.5938365859894006
2.316271425902838
1.9757347920250428
1.6400295016760438
1.3759964236802111
1.2362060740203784
1.2484915214436738
1.4104066621728715
1.6897132533441672
2.030799733991432
2.3657538091200223
2.6278841812121363
2.7649991740585707
2.7497983979584175
2.5853084155226376
2.3042801355187135
1.9626679171341628
1.6284887327905364
1.3682795947560458
1.233849650401453
1.2519646807092657
1.419017878164449
1.7017479830330318
2.043861792933742
2.3772424656675777
2.63551197725657
2.7672473711977803
2.746219367114024
2.5766147624832376
2.292202816996807
1.949611597252176
1.6170530005169954
1.3607413706751819
1.2317098386281193
1.2556493301803269
1.427793353825462
1.7138670368286255
2.05691145102102
2.3886244654922546
2.642960096685658
2.769278646480395
2.7424293595592935
2.5677580845484855
2.2800428845750993
1.936569523349422
1.6057255376221766
1.3533838822914022
1.2297872433289572
1.2595444278322458
1.4367306079157616
1.7260669882791664
2.0699450188025863
2.3998965907340133
2.6502264339347437
2.7710924258875034
2.7384294471395094
2.558740886050069
2.2678037764792776
1.9235453830081013
1.5945095468548136
1.3462092098567213
1.22808240808358
1.2636488723481256
1.445827113497462
1.7383443879426785
2.0829588111185853
2.4110556542294597
2.6573089343947753
2.7726881964239753
2.7342207605907864
2.5495657163001284
2.255488953000889
1.910542858527478
1.5834081993536613
1.3392193819623859
1.2265958150419762
1.2679615034525356
1.455080298904635
1.750695764814692
2.095949148740829
2.4220985010979064
2.6642055956997996
2.7740655069292206
2.729804489789873
2.5402351692999976
2.2431018957794633
1.8975656259614178
1.5724246336515117
1.332416374706886
1.225327884402355
1.272481101767207
1.4644875479575326
1.763117626803035
2.1089123589563052
2.433022009263194
2.670914468036522
2.7752239680774067
2.7251818834231543
2.530751883136767
2.230646107054127
1.8846173543944422
1.5615619551506357
1.325802111513244
1.2242789746481755
1.2772063894617736
1.4740462009347686
1.7756064618583216
2.121844776652169
2.443823090288005
2.6774336545619426
2.7761632522851816
2.72035424838408
2.5211185389650894
2.2181251084032407
1.871701704659622
1.5508232350452504
1.3193784624455402
1.2234493823756272
1.2821360306145757
1.483753555391442
1.7881587390900413
2.1347427455181216
2.4544986904393116
2.6837613121398136
2.7768830939945794
2.7153229495681686
2.511337860375097
2.2055424398274726
1.8588223283309866
1.5402115094299047
1.3131472436111158
1.2228393421035655
1.2872686314583923
1.4936068667784008
1.8007709096205449
2.14760261894883
2.4650457914440316
2.689895651785596
2.777383289708263
2.7100894094849144
2.501412612655803
2.192901658813049
1.8459828667785516
1.5297297785429427
1.3071102167537239
1.2224490263090648
1.2926027408630416
1.503603349286533
1.8134394076317635
2.160420761090996
2.4754614113313735
2.695834939136705
2.777663697991479
2.7046551077859875
2.4913456019364713
2.1802063392490285
1.8331869500684363
1.519381005860149
1.301269088713925
1.222278545356373
1.298136850743414
1.5137401766512144
1.82616065140669
2.1731935479172817
2.4857426053298113
2.7015774949995435
2.7777242395664463
2.699021580894429
2.4811396744301972
2.167460070440646
1.8204381959458518
1.5091681172517668
1.2956255109282342
1.2223279474366238
1.3038693964491186
1.5240144829106261
1.8389310443010323
2.18591736821325
2.4958864666683658
2.7071216958016957
2.777564897322385
2.6931904215685365
2.4707977156376657
2.154666456111845
1.807740208836442
1.4990940001837976
1.2901810789923591
1.222597218583269
1.3097987572323633
1.5344233632360027
1.851746975773095
2.1985886246036888
2.5058901273960794
2.712465974041563
2.7771857163051394
2.6871632784321697
2.4603226495097243
2.14182911336455
1.7950965788070397
1.489161502884794
1.2849373321978343
1.2230862826691662
1.3159232567049923
1.54496387475715
1.864604822413574
2.211203734582386
2.515750759207949
2.7176088187475678
2.7765868037199666
2.68094185552234
2.449717437631495
2.1289516716631343
1.7825108805536904
1.479373433539526
1.2798957530919957
1.2237950014201442
1.322241163302229
1.5556330373830183
1.8775009489583518
2.223759131514196
2.5254655742354886
2.722548775898688
2.7757683288974246
2.6745279118066514
2.4389850783871823
2.11603777181295
1.7699866723976727
1.4697325595030097
1.27505776706734
1.2247231744623872
1.3287506907795916
1.566427834650091
1.8904317093201937
2.2362512656451643
2.5350318258344804
2.727284448833073
2.7747305232413324
2.667923260680597
2.428128606106269
