0.0
0.03330516928898589
0.13061034796276264
0.28623067890299236
0.49235936687952253
0.7394362149499341
1.0165877519346043
1.312118185118582
1.6140281483765073
1.9105370660673877
2.1905849710920755
2.444290797614625
2.663346453884102
2.8413292528040754
2.973919373309986
3.0590137398504496
3.0967328058634025
3.0893219572597337
3.040954354998437
2.957446760432758
2.8459040014760686
2.714311041227596
2.571093944104095
2.424672287350678
2.2830256820751558
2.1532960487690573
2.041445195626208
1.951984185646799
1.887787110384554
1.8499974140208675
1.8380300607428603
1.8496678587847328
1.881245399172757
1.9279095822036068
1.9839418163922162
2.0431238784636774
2.099127273543547
2.1459048380912122
2.1780633365773654
2.1911969123260784
2.182163403170009
2.149288610540485
2.092487456175955
2.013295374726671
1.9148080453609297
1.8015324160985224
1.6791566713921644
1.5542510948434252
1.4339154635647362
1.3253914888099712
1.2356607404999613
1.1710493613066104
1.1368606429852546
1.1370552137826822
1.1739962367946393
1.248273763256158
1.3586183864618973
1.5019098039364989
1.6732810480190328
1.8663142347416033
2.0733189579657494
2.2856801613462814
2.494258674697925
2.689824791176335
2.863503432799675
3.0072087002748855
3.1140459705667234
3.1786611773516347
3.1975194147748973
3.16909842075837
3.0939866532422244
2.9748803641925723
2.8164790676131632
2.625283839227743
2.4093077240096363
2.1777119201198896
1.9403851328613153
1.7074863619043592
1.4889732538889136
1.2941389251669186
1.1311797954001188
1.0068154883947333
0.9259793245466221
0.8915944747685662
0.9044466402834292
0.9631593754449108
1.0642731183023966
1.2024238878690499
1.370612702655862
1.5605523166533832
1.7630740789330834
1.9685747902970028
2.1674815008807724
2.35071136199843
2.5101039544309987
2.6388049473338837
2.7315824242458224
2.7850606200126986
2.7978599732047593
2.7706371035764588
2.7060233369501763
2.6084654690257416
2.483977330874453
2.339815148310419
2.1840934534351706
2.0253612214872336
1.8721598247602749
1.7325852231046732
1.6138765077068655
1.5220514986996283
1.46160764097549
1.435303071932341
1.4440286212838076
1.486776855280768
1.5607093311841456
1.661318232888657
1.7826737676940332
1.917744359276761
2.05877299210801
2.1976902332781005
2.3265426211849953
2.4379143588023973
2.5253206193424136
2.5835522444054058
2.608954113778539
2.5996228646244135
2.5555137631676295
2.4784511747127937
2.3720420023737314
2.241496421518484
2.0933649743154015
1.935205366699491
1.7751959116200873
1.6217153048555253
1.4829101637160724
1.3662724158239168
1.2782481610620675
1.223898067622277
1.2066267813024365
1.227995355846842
1.2876265262636057
1.3832079579692633
1.5105936491178888
1.6639986919740546
1.8362778630347953
2.019274250399019
2.204220556380781
2.382173014575853
2.5444561706329805
2.6830961811323104
2.791220816306142
2.8634059841254564
2.8959512442697166
2.887070317998189
2.8369868464712757
2.7479303923051495
2.6240326786504142
2.4711290653358016
2.296475020656218
2.108391620528151
1.9158576786560433
1.7280688019337065
1.5539853387247695
1.4018917592567293
1.278989447886067
1.1910432241258753
1.142099226287783
1.134288222949494
1.1677241423815234
1.240502843292034
1.3488011312867674
1.4870710065151054
1.6483193613222902
1.824459071907505
2.006713859809146
2.1860566167538615
2.3536592246824095
2.501331344907807
2.6219262241196164
2.7096932411244925
2.7605596121361518
2.7723272482227967
2.744775035956181
2.679661575879802
2.5806284232047116
2.4530088789024806
2.303552125227155
2.140076748858205
1.971071233603245
1.8052616550746865
1.651168438906721
1.5166745703567968
1.4086270405860877
1.3324916144773138
1.2920782927886245
1.2893512549840893
1.3243327894838868
1.395105961487504
1.4979157750722194
1.6273636079607934
1.7766849853554183
1.9380965512189245
2.1031946035370033
2.2633849604275116
2.4103223474380058
2.5363370223081096
2.634827005548172
2.700596030253262
2.7301200743382443
2.7217289538644325
2.675693754678048
2.594215644087706
2.481316594164478
2.3426375114847278
2.185153954134321
2.016823788927874
1.8461845893737208
1.6819211237988871
1.5324248044474593
1.4053673853314612
1.3073104879225896
1.2433707350012748
1.2169574747089478
1.2295964201035903
1.2808481986522862
1.368326019497911
1.4878116654239377
1.63346405347445
1.7981099335561244
1.9736021439446243
2.151227425930419
2.322143289393334
2.4778219437457514
2.6104789392136474
2.71346492076573
2.7816007432765204
2.8114390389344615
2.8014390234601363
2.7520456903299366
2.665669352197377
2.546566503772949
2.400627947895397
2.235084796095403
2.0581470912883106
1.878593194848433
1.7053305620785126
1.5469499738394696
1.4112956249850597
1.305072675358847
1.2335119863854294
1.2001088904669366
1.2064491162649031
1.2521306080406642
1.3347851523781868
1.450198703827593
1.5925243352184528
1.7545770787132542
1.9281958047945422
2.104653915745749
2.275098177534318
2.430993602818561
2.56455199908053
2.6691226245843174
2.739525309113361
2.7723092996962553
2.7659248374044503
2.7207988709643054
2.63931114460669
2.5256719177635145
2.3857075299173935
2.226564665395952
2.0563482663128045
1.8837113809745403
1.7174176517160538
1.5658985186261734
1.436827474954285
1.3367328432369805
1.2706685922070196
1.2419597817510903
1.2520354545605774
1.3003573787865073
1.3844482086181609
1.5000176132166656
1.64117998182205
1.8007526933423017
1.9706198752443849
2.1421432739672146
2.306599483853794
2.455621453471574
2.5816219740689275
2.678177765536926
2.7403547646286066
2.7649581879558034
2.750694738725924
2.6982387598034947
2.6101989828619576
2.490987539656492
2.3465978338002347
2.1843024710981593
2.0122864814942534
1.8392343325007094
1.6738915678194455
1.524623187996824
1.3989910576130768
1.3033716671862596
1.2426335458307936
1.219890615166144
1.2363439475217586
1.2912199350789137
1.3818080158990758
1.5035960828771135
1.6504967756311248
1.8151532715824745
1.9893091821294182
2.1642239251168323
2.33111264889925
2.4815885420090407
2.6080852384379942
2.7042380281570626
2.7652046554289056
2.787909529293716
2.7711990280644305
2.7159000583629425
2.6247789034487248
2.5024024196716743
2.3549085605935955
2.1896977776395117
2.015060833736249
1.839761771261171
1.6725970361958638
1.5219529626880397
1.3953839056385744
1.299232269214066
1.2383095687136314
1.2156545883380812
1.2323808130777631
1.2876208149108415
1.378570388479098
1.5006302055833882
1.6476378445129451
1.8121784970188364
1.9859586921367585
2.1602242018135147
2.3262010683623813
2.4755375302811755
2.6007245795268714
2.695473962109088
2.755034580434044
2.776431361971171
2.7586145679316694
2.7025120306756105
2.6109817018984485
2.488666918622122
2.3417616973341318
2.1776979011231865
2.0047700617932707
1.8317167802595538
1.6672798157215878
1.519763096955779
1.3966138910113668
1.3040472455804595
1.246732637800293
1.227558624353694
1.2474873536901356
1.3055062693552244
1.3986794322830136
1.5222958665775352
1.6701074410465129
1.8346442841976769
2.0075918211657924
2.180210414185039
2.343776440379537
2.4900225600861194
2.6115549701102347
2.702226597156193
2.757447408626528
2.774416189015057
2.7522620903393546
2.692088814798644
2.5969191977097097
2.471542981217884
2.322275451078217
2.1566391038200843
1.9829843932125957
1.8100686774290928
1.6466145967495396
1.5008701497243224
1.3801926510985434
1.2906775517105364
1.2368508396679951
1.221440537336812
1.2452388216044985
1.3070617264965627
1.4038084678343385
1.5306174072291765
1.6811108005097222
1.8477159993070453
2.02204691965615
2.1953265524626517
2.358829220754119
2.504320292159039
2.6244711822910705
2.713228729272699
2.766120318794668
2.7804793769943217
2.755579861841934
2.6926729703467682
2.5949242075326393
2.4672539853405455
2.3160897822282736
2.149042352130884
1.9745222998983847
1.8013163463424178
1.6381446380645668
1.4932214128637056
1.373841162548627
1.2860111499250495
1.2341488003544807
1.2208592183642686
1.2468040411513217
1.3106682370453342
1.4092265201484206
1.5375060313045097
1.6890370833764774
1.8561793301108633
2.030506916394559
2.203233195077947
2.365653601595122
2.5095843628587864
2.6277749274478377
2.714273329316112
2.7647260703174608
2.776597408129545
2.749296999239662
2.6842094667028
2.584624406491755
2.455570365193894
2.3035611625613863
2.136267350968054
1.962129377428817
1.789931952273559
1.6283610837159161
1.4855661108688991
1.3687488152211011
1.2838003249435388
1.235004116505415
1.2248200854368596
1.2537605707042445
1.3203645811217959
1.42127152123297
1.5513906977533207
1.7041580588632228
1.8718672208080385
2.0460580911115156
2.2179434940374385
2.3788522881245777
2.5206666342490975
2.636231367645005
2.719714833762507
2.7669029948591817
2.7754119784346045
2.7448083504317093
2.6766310482454694
2.5743138664708405
2.4430124020417883
2.2893441822014933
2.1210550757681146
1.9466288047579696
1.7748592422296274
1.6144070585886883
1.4733630679452068
1.3588402886448223
1.276615284807919
1.230836871564757
1.2238168708958137
1.2559134687611349
1.3255130560443669
1.4291114710772668
1.5614905504331642
1.7159810899034278
1.884798961320672
2.0594374427774116
2.231095985739146
2.39112380544208
2.531455933416355
2.6450197506779465
2.7260915079517236
2.7705848602279097
2.7762568699359305
2.7428210932895456
2.6719620481944903
2.5672503333993424
2.4339626767050673
2.278815982563504
2.109628784693791
1.9349271688804042
1.7635150304046838
1.6040303284867337
1.4645097060392613
1.3519834213710398
1.2721210104798828
1.228945541269611
1.224630863327256
1.259392073110463
1.3314747154283606
1.437243264830604
1.571364425856884
1.7270760113318087
1.896527843969283
2.071177495943856
2.2422209168146794
2.4010362415982645
2.539618406528837
2.6509826636028113
2.7295166530050246
2.7712632859109765
2.7741201782119784
2.7379455825789365
2.6645654798893803
2.5576814737702027
2.422684132668126
2.2663811903605313
2.096654307875193
1.9220617010310024
1.7514066667007075
1.593293759866143
1.4556949959335066
1.345547947228451
1.268405994587359
1.2281583655681796
1.2268340725775937
1.264499634514559
1.33925573759321
1.4473330031772604
1.5832820341814617
1.740248158746634
1.9103170200745796
2.084913589768286
2.2552344888097022
2.412691821191953
2.5493461448521475
2.6583067521817747
2.7340790804159107
2.7728417375387995
2.772639177625577
2.7334803118906708
2.6573380837617426
2.5480500289863453
2.411124833413695
2.253464640036241
2.0830171042237633
1.9083747377175488
1.7383417393311404
1.5814901494616749
1.4457277038169762
1.33789917206976
1.2634412791875216
1.226108606046898
1.2277842877929004
1.2683850536267218
1.3458653957997444
1.4563206583097885
1.5941838490609042
1.752506254451105
1.9233077106798977
2.097978874493871
2.2677152146402024
2.423960846128332
2.5588398331280526
2.6655532179777848
2.7387217614993977
2.774657116520017
2.77154776422658
2.729550339855419
2.6507817436353727
2.5392124344255493
2.4004662849836573
2.2415370881427448
2.070436004907529
1.895787726789964
1.7263957100887366
1.5707983989452996
1.4368388082813064
1.3312691642378989
1.259410532447227
1.2248845924622962
1.2294310796935184
1.272820097594571
1.3528637203137837
1.465526300674597
1.6051279224970592
1.7646307407619646
1.9359937746577416
2.1105782677798377
2.279583180631331
2.434488861606278
2.56748653039662
2.6718719230301207
2.742383254462047
2.775466461726777
2.7694543565965817
2.7246506566865674
2.643314659200329
2.5295473302928864
2.389084552834571
2.2290079556552427
2.0573879021910177
1.8828766363932452
1.714272096387408
1.5600743850227987
1.428057256591625
1.3248762219603964
1.2557330283115433
1.22411342770274
1.2316114539861491
1.277849066545445
1.3604952116559579
1.4753833404158139
1.616721458790903
1.77738412057867
1.9492716431833121
2.1237184372550364
2.291929865316295
2.4454256062944935
2.5764671749059325
2.67844804362334
2.7462267002406335
2.7763858507828036
2.7674047006741334
2.719735628982448
2.635781390300386
2.5197739934342462
2.3775613627506407
2.216312536905103
2.0441562663862016
1.8697712288262598
1.7019485200963331
1.5491484768602652
1.4190741720514286
1.3182830842485116
1.2518565175334173
1.223143437126769
1.2335916346775606
1.2826747346487364
1.367918721724447
1.485026652132763
1.628095262147424
1.7899125543236323
1.962321359779381
2.136630548848881
2.3040531603775753
2.4561493628914666
2.5852519172681983
2.684852692644638
2.7499307506475517
2.777205458654833
2.7653018721911855
2.714820049208545
2.6283048019448834
2.5101174111543383
2.3662157697355366
2.203854039007007
2.0312169583769766
1.8570072433840845
1.6900068719777859
1.5386343752440494
1.4105204502045108
1.312123288671334
