0.0
0.09136427844661435
0.3497530220549815
0.7394046527264886
1.2122557530793476
1.713961900855815
2.190503265797617
2.594528405738248
2.890635738126069
3.0589440700851904
3.0965402363870895
3.0166807585850215
2.845925974164092
2.619658243477668
2.3766436948382674
2.15341176488269
1.9792337454716493
1.872380818761146
1.8381486649224803
1.8688773925492848
1.9459088167371699
2.043148249040776
2.131673322357903
2.1846890801608767
2.1820862053024594
2.113923212658326
1.9823141137300655
1.8014373582481242
1.5956563593705786
1.3960176174167713
1.235630256419174
1.1445969267807612
1.14523684785023
1.2483070173544621
1.4507919018470248
1.7356140611319746
2.0733485619080505
2.4257404645072014
2.750566961339604
3.007190253549987
3.162041738949654
3.193277835245348
3.093953420483654
2.8732563112893326
2.555608455843614
2.1777305151032014
1.7840460473333422
1.4210308622300507
1.131260379136781
0.9479523993615813
0.8907381376115009
0.9632292831687809
1.1527058131421388
1.4319615936307644
1.7630520114196622
2.1024302397246037
2.406771676382663
2.6386952791398524
2.771608342778062
2.7930250937768153
2.7059220605047427
2.5279650115482877
2.288735695586314
2.0253610897632335
1.7771654916788884
1.5800966353554973
1.4617032170390427
1.4373594673031374
1.508254369188628
1.6614138091542325
1.8717382226922274
2.1057560210173754
2.326553571752003
2.499179053209811
2.595752767595219
2.5995593603608986
2.5075417230546555
2.3308418865192255
2.0933093624765435
1.8281836815273937
1.5734152801728165
1.3662814195542006
1.2380545342388523
1.2094751733068199
1.2876711449824576
1.4649639355202129
1.7197408269617045
2.019282950565194
2.3241659390710225
2.5936290401650903
2.791171373571646
2.889599694272677
2.8748255095425996
2.7478806409170162
2.524865671678397
2.2348311976341235
1.9158778158654886
1.6100076433341206
1.3574335601485399
1.1911281985035183
1.1323623533578961
1.1878463858188197
1.3488671348730454
1.5925374496390188
1.884983851806795
2.1860304384220473
2.4547309859430624
2.654984867749071
2.760461939443076
2.7581583775669247
2.6500960914879745
2.4529362693134886
2.195567042387519
1.9150059826436374
1.651191233842179
1.4413882083689493
1.3149907638569682
1.2894394770772373
1.3678229709664032
1.5384930796004526
1.7767437092199487
2.0483156676439442
2.314235492725047
2.5363107617019587
2.682513289097167
2.7314976538938778
2.6756233674998615
2.522057849268154
2.2918051255408836
2.016794530789597
1.7354343806920591
1.4872499210223726
1.3073529874654377
1.2215148857754192
1.2425306401231508
1.3683835272248137
1.5824686210634176
1.8558477007592498
2.151225146755967
2.4280946965950716
2.648343515410136
2.781535717685909
2.809141244741377
2.727121822453669
2.5465133740579726
2.2919221420256632
1.998141290188095
1.7053556942705133
1.4535987293061385
1.2772288701631
1.2001913701780562
1.2327215073576676
1.3699459787770345
1.592575733536791
1.8695934208081566
2.1625619772872473
2.4309561035098968
2.6377766900188964
2.754669318894457
2.7658371756844256
2.6702064302404094
2.4815450671616324
2.226520508433158
1.9409676609721336
1.6648874668137825
1.4368721249075858
1.2887324416115309
1.2410742583869458
1.3004385883567118
1.4584023828555714
1.6927640247938582
1.9706476432568125
2.2530934813900023
2.50049492373653
2.6781251186175545
2.760983765811838
2.7372892888719487
2.610130106606791
2.397044844982805
2.1275894726838036
1.8392294342078563
1.5721279465583733
1.363555305868472
1.242696944856292
1.2265827280251056
1.3177042410256847
1.5036522644359138
1.7588258223001039
2.047976193675175
2.3310941071075333
2.568961478713799
2.7285964876930238
2.787835387866815
2.7384142144072356
2.587121829730822
2.354863625104021
2.0737654344290197
1.7827194922565657
1.5219907414704643
1.3276323821041631
1.2264861002642058
1.2324612310863725
1.3446094688479366
1.5472623216984047
1.8122119732638444
2.102632372440743
2.378195665473156
2.600673095111694
2.739242282098705
2.7747637090231905
2.702432556095173
2.5324378696475716
2.2885379899441616
2.0047507358785355
1.7206187982796324
1.475708728562875
1.3041083219826612
1.2296873022841972
1.2627800096483215
1.3987510445699771
1.6186430174095714
1.8918160889551532
2.1802120967896297
2.443650231844735
2.6454178473358314
2.7573789757668488
2.763890196188821
2.6639793089139756
2.471483788385051
2.213129625175978
1.9248175080925536
1.6466325347316846
1.4172711283167485
1.2686599072858922
1.2215146309596134
1.2824567271847156
1.4430884484280098
1.6811554855603348
1.9636357283384287
2.251325125227736
2.5042834766625286
2.6873834237635204
2.7751914914064044
2.755502816140596
2.6310382458604913
2.4190678449485072
2.1490129896280448
1.8583601473233469
1.5874540605007421
1.3738937910426485
1.2473102807712775
1.225251074547788
1.3107440003299324
1.4918782866142135
1.7434612463211727
2.0305202291408433
2.313163125704576
2.552121932188001
2.7142089873825075
2.7769276629802966
2.7315968289618584
2.5845549921443975
2.3562769058457804
2.0785255774764893
1.7899356360240954
1.5306420164284096
1.3367005764730457
1.2350761484779
1.2398946300593534
1.3504800032498399
1.5514490630083855
1.8148506196037437
2.1040517678472486
2.3788309861935444
2.6009700905265594
2.739567734153834
2.7753358530728853
2.7032818234518374
2.533403477432295
2.2893003272103503
2.0048939862773447
1.7197135937693453
1.4734015140118741
1.300202974421495
1.2242055550535957
1.2559902386192163
1.3911595529586125
1.6109474540667883
1.8848262657517565
2.174748424970642
2.440433558053194
2.644966113892095
2.7599256011333635
2.7693364197712977
2.671888318324229
2.481118847844392
2.223532420748345
1.9349173510472988
1.655372697132665
1.4237360412076183
1.2721865990991381
1.2217736885922093
1.2794919797035469
1.437309980025275
1.673286749339707
1.9546216180178295
2.242213038562965
2.496092965818006
2.6809814878710934
2.7711897266722887
2.7541896157533303
2.632354451453495
2.422628351155084
2.1541706021229774
1.8643023410001625
1.5933189489801662
1.3788891888314319
1.2508195380916363
1.2269114068236286
1.3104870246167961
1.4899278529080848
1.7402896602548312
2.026769766962899
2.309544537141064
2.549304749651704
2.7127194838266435
2.777069092091884
2.7334033186524858
2.5877856099388596
2.360450658262525
2.0829922553203732
1.7939722959210704
1.5335612151653233
1.3379547646694794
1.2343431244585035
1.2371315853906304
1.3459380909091716
1.5456459722713964
1.8085045710777217
2.0979858166254233
2.3738607721974097
2.5977906037840337
2.7386549235308526
2.7768769562867743
2.707144398913364
2.539147811386453
2.2962339071216356
2.0121609033881795
1.726406874468875
1.478683158863172
1.3034153563499542
1.2249589554599594
1.2542145307014971
1.3871129321249451
1.6051809921952425
1.8781091180688567
2.1679639094140573
2.4344603120838895
2.6405605620877663
2.757621758528568
2.7693766404095363
2.6741943109607598
2.4853067153246124
2.2289694070422237
1.9408122407123343
1.660887199722122
1.4281016445727408
1.2748106822849572
1.2223202394510893
1.2779258449196127
1.433898685241307
1.6685598523322722
1.9492934738037024
2.2370799395912133
2.4919191671382435
2.678390144994948
2.7705740540420547
2.75565671907416
2.635709697429321
2.4274024544455592
2.1596856246238
1.8697673474214125
1.5979419051501649
1.38198940484435
1.2519248660194116
1.2258265155848571
1.3073230989247022
1.485089438900974
1.7344203589715772
2.020664225554831
2.30403890553104
2.5451607992912884
2.71051850199593
2.7771303402369356
2.735738458774803
2.5920955278418196
2.3661652368363484
2.089347690944385
1.8001153346498318
1.5386659379337877
1.3413357938666959
