0.0
0.01487873874673882
0.058863096244690404
0.13061114162899018
0.22832104130141145
0.3497701693086855
0.49236208954702376
0.6531804149417679
0.8290484081322991
1.0165930720670902
1.2123123897831558
1.4126443124160954
1.6140360644341096
1.8130123358211139
2.0062409623830084
2.1905947567749844
2.363208242845936
2.521528162441221
2.663356764288249
2.7868870458784163
2.890729297767984
2.973928491490246
3.035972253056977
3.076789369392889
3.0967389804646652
3.0965908108162807
3.077496986293889
3.0409561607321325
2.98877083937485
2.922998927298499
2.845900649041941
2.759882077498525
2.667436573959323
2.5710854757024637
2.4733193720523503
2.3765412844040523
2.2830130110111315
2.1948058147106417
2.1137565231691657
2.041429979216842
1.979088626448943
1.9276698460221486
1.8877714783301993
1.859645772167931
1.8432018084289072
1.8380162497651533
1.8433520763935451
1.858184785678787
1.8812353633681131
1.9110091812101888
1.9458398425887813
1.983936887708952
2.023436185231509
2.062451779921085
2.0991279370931526
2.1316901250049636
2.158493705762406
2.1780691630773266
2.18916277993406
2.1907717889254013
2.18217315014786
2.162945263047712
2.1329820859899464
2.092499316730734
2.042032474289149
1.9824269136372972
1.914819994782039
1.8406158128380423
1.761453071351358
1.6791668433997455
1.5957451101507905
1.5132810912713277
1.4339224829867148
1.3598187953509373
1.2930680286560117
1.2356639487518204
1.1894452118837373
1.1560475516627033
1.1368601747936966
1.1329874196733825
1.145216614999349
1.173992936741921
1.219401904343025
1.2811599843800545
1.3586135860683421
1.4507465420348624
1.5561959741044653
1.673276251792067
1.8000105651517802
1.9341694578286706
2.0733155045964047
2.21485317403367
2.356082794582975
2.4942574438617267
2.6266415090332123
2.7505696219799445
2.8635046580104064
2.9630935012761452
3.0472193237198755
3.1140491962996104
3.162075949883902
3.190153326430778
3.197523606134261
3.1838370599388957
3.1491627555527013
3.0939904348585703
3.0192233772064276
2.926162362078102
2.816481041608382
2.6921932240133133
2.5556127488530205
2.409306800208195
2.25604365056871
2.098735953219792
1.9403808013485921
1.7839978457106094
1.632566807817449
1.4889657411961512
1.3559113789460846
1.2359028618701846
1.131170068832939
1.043627671288583
0.9748359093257029
0.9259689398417974
0.8977914418417043
0.8906439830184496
0.9044374597363822
0.9386567235581098
0.9923733059586125
1.0642669533291769
1.152655491224908
1.2555323543451122
1.3706109510104703
1.4953748816407832
1.6271329032563993
1.7630774291534874
1.9003452769171387
2.0360793305156877
2.1674897644058637
2.291913489751678
2.406870524731295
2.510116061523762
2.5996871003382207
2.6739426435733873
2.7315965881196993
2.7717426176910913
2.7938705762268277
2.7978739938256663
2.784048634104953
2.753082131901965
2.7060349883847725
2.6443133824906764
2.569634438881562
2.4839847592565882
2.389573172183006
2.288778783298165
2.1840955099893433
2.078074360211875
1.973264762299127
1.8721562704260633
1.7771219584468574
1.6903647734391551
1.6138680504162584
1.5493512929151916
1.498232202736872
1.4615957987603105
1.440171302721981
1.4343172928073382
1.4440154378416679
1.468872930034385
1.508133537016234
1.5606969987547048
1.6251463062322418
1.6997822207693278
1.782664229571759
1.8716569881467309
1.9644811769185035
2.0587676004457376
2.152113285312928
2.242138288651528
2.326541914320028
2.4031570483561824
2.4700013690637124
2.5253242590080016
2.5676483446344545
2.5958047119557768
2.6089609910003166
2.6066416642084658
2.5887401310331484
2.555522248641112
2.507621262583968
2.446024237229549
2.372050289189558
2.2873211135793143
2.1937244684848767
2.0933714435266095
1.9885484802697655
1.881665232235626
1.7751994476974757
1.6716401271440915
1.573430247701706
1.4829103580031107
1.4022643287174004
1.3334684966075732
1.2782453646227068
1.2380229188449465
1.2139004973808423
1.2066219993355576
1.2165570571398379
1.2436906164205155
1.2876211783440783
1.3475677641783235
1.422385465103095
1.51058924648726
1.6103854893015266
1.7197105762596738
1.8362756706220738
1.9576166949575682
2.0811483987189736
2.2042213099220165
2.324180299647386
2.4384234500248256
2.5444599076805705
2.639965425548686
2.7228343460116835
2.7912268564398444
2.8436104526051964
2.8787946738267864
2.8959583231910906
2.8946685534422705
2.8748913804085254
2.8369933770637914
2.781734498234118
2.7102521841318348
2.624037085894772
2.5249009437488033
2.414937324094269
2.2964760817973553
2.1720325546540966
2.0442526152269607
1.915854798374255
1.789570788705598
1.668085589416779
1.5539787016418178
1.4496676214283277
1.35735491017997
1.2789800150578758
1.2161769101622963
1.170238499687617
1.142088573556764
1.132261937665925
1.1408931585751927
1.1677141703454328
1.2120607935474323
1.2728880176817123
1.348793702796979
1.4380501683580802
1.5386429615937771
1.6483159375868186
1.7646216428345525
1.8849758760527704
2.006715207257608
2.1271561707136732
2.2436548106427945
2.35366525146392
2.454795986934737
2.5448626343773038
2.621935980026104
2.6843842476417654
2.7309086525030595
2.760571453804911
2.7728158869629014
2.7674775395738735
2.7447869267181635
2.7053632186056147
2.650199271838895
2.5806383103472124
2.498342788964031
2.405256147493767
2.303558322015816
2.1956160195500165
2.083928878935009
1.9710727322382304
1.8596412451792772
1.752187250476173
1.6511650939312086
1.5588752893368372
1.4774127254455687
1.4086195875070995
1.35404404905358
1.3149056591177775
1.2920681988379001
1.2860206128410547
1.2968664386973248
1.3243219661941907
1.3677231615037044
1.4260411939242286
1.4979062092115756
1.5816388079235144
1.675288513857048
1.7766783604539431
1.8834545855176739
1.9931403098125482
2.103191985679693
2.2110573397113042
2.3142335001658636
2.4103239959285228
2.4970933395055317
2.572517961207755
2.6348323440929944
2.6825693175432344
2.714593599112465
2.7301278265276863
2.7287704910339765
2.7105053658346514
2.675702215082328
2.625108765413493
2.5598341189667946
2.4813239797534483
2.3913282498169672
2.291861723676985
2.185158765227568
2.0736229870516825
1.9597730649649452
1.8461859079735932
1.7354384637566649
1.6300494709104667
1.5324224708216287
1.4447913641236052
1.369169739864546
1.3073051210462763
1.2606391599802622
1.2302746834213554
1.2169503336814718
1.221023381346792
1.2424611016554943
1.2808409141626738
1.3353592883487662
1.4048492207437895
1.4878058963713487
1.5824199631964853
1.6866176769290808
1.7981070188418424
1.9144287546876646
2.033011291372591
2.1512281022652893
2.26645643383348
2.37613597700436
2.4778261869129286
2.5692609645286573
2.6483994723725646
2.7134719428398046
2.7630194495941898
2.7959267475911322
2.8114474424849645
2.809220922004186
2.7892806664788212
2.752053748935452
2.6983515327011163
2.6293517718437176
2.5465725125932126
2.4518383778060833
2.3472399874263314
2.235087421922416
2.117858769382415
1.9981449073264688
1.8785917548668223
1.761841287711278
1.6504726363870823
1.5469445863312739
1.4535407671869915
1.3723187584637784
1.3050642510122363
1.2532512904961388
1.2180094927587068
1.2000989647313909
1.199893491828478
1.2173723674839743
1.2521210467757342
1.3033406082921686
1.369865810967052
1.4501913399679485
1.5425056521960478
1.6447316616577043
1.754573351721648
1.8695672685189286
1.9871377404534103
2.1046545854205427
2.21949201175084
2.3290873923478497
2.430998594572481
2.5229585810654083
2.6029260581623825
2.6691310374622437
2.7201142904568374
2.7547598133574023
2.772319576271442
2.772430004171522
2.7551198227617286
2.720809096219928
2.6702994815216714
2.6047559211954936
2.52568018849371
2.4348768817746347
2.334412634278006
2.2265694576335706
2.1137932689586303
1.9986387593229082
1.8837118432673867
1.7716109831211098
1.6648687068551675
1.5658946335877038
1.4769212867145445
1.3999539117564332
1.3367254258008536
1.2886575099026627
1.256828717589975
1.2419503148063915
1.244350392754191
1.2639666090922144
1.300347718966132
1.3526638597655352
1.4197253567505332
1.5000096251901087
1.5916955627069949
1.6927046572161741
1.8007478849565284
1.9133773430365317
2.028041454566424
2.1421425042191267
2.2530952097515615
2.35838501180108
2.4556247706688628
2.5426085946686383
2.6173615891480786
2.6781844070311362
2.7236915986204275
2.752842897812715
2.7649667406847906
2.7597754870332474
2.7373720019760497
2.6982474489554353
2.6432703430564333
2.5736671100339543
2.4909945874094546
2.3971050851648257
2.2941047908558407
2.1843064536312102
2.070177410313131
1.9542841214798228
1.839234464035102
1.7276190772891853
1.6219530809723346
1.524619475376989
1.4378154961584453
1.3635031300640328
1.303364904493532
1.2587659454156768
1.2307231574352306
1.2198822198827437
1.2265029172762831
1.250453135323328
1.2912116589957363
1.3478797114929102
1.4192009765490567
1.503589655950455
1.599165933589135
1.7037980509460096
1.8151500503082114
1.930734114620495
2.047966329511644
2.164224616046578
2.2769075338637674
2.3834926346651577
2.481593055975841
2.5690110844612386
2.6437874859979313
2.704245494616833
2.749028472243863
2.777130393164355
2.7879184681454108
2.781147399550585
2.7569649466131767
2.7159086750807657
2.658893963324969
2.587193533283574
2.502408964859926
2.406434832374535
2.301416267304904
2.1897008991419686
2.0737862524207213
1.9562637800138214
1.839760788318673
1.7268815573238883
1.620148976646342
1.5219480070781048
1.43447223623225
1.3596747274468428
1.299224264755817
1.2544679756268784
1.2264011700190016
1.2156450723392647
1.222432945717275
1.246604919642845
1.287611636658246
1.3445266358464285
1.4160671947554717
1.5006231615501107
1.5962931298460203
1.7009271438880391
1.8121749751795893
1.927538886647536
2.0444296997414306
2.1602249057788585
2.2723275170225024
2.3782243364380014
2.475542338205499
2.562101893546658
2.6359656473282347
2.6954819486204773
2.7393218607288388
2.7665089204331674
2.7764409790207956
2.768903635531531
2.7440749614498734
2.7025214116426226
2.645185014256789
2.573362128118971
2.488674245515736
2.393031496833442
2.2885896773849823
2.1777017621710972
2.062864998050034
1.9466647620435384
1.831716447061194
1.7206066805503186
1.615835196482628
1.5197586663377465
1.4345377506694836
1.362088560434222
1.304039618148626
1.2616952853528245
1.2360064775615232
1.2275493241528608
1.2365122521509524
1.2626917836121578
1.3054971405777607
1.3639635537034984
1.4367739751630024
1.5222887076388514
1.618582283401574
1.7234867646270802
1.8346404918740626
1.9495411852740463
2.065602205226125
2.1802107084314515
2.2907863925426506
2.3948395094961428
2.4900268440372275
2.574204399669166
2.6454756082312305
2.7022339798750767
2.7431992351049477
2.767446106969718
2.774425166154835
2.7639752009213026
2.7363268735520347
2.692097570932042
2.632277564706414
2.55820779168583
2.471549753418385
2.3742482108906295
2.268487512183323
2.1566425339527977
2.041225338624102
1.9248287454489041
1.8100680829371998
1.699522431059062
1.5956766731124765
1.500865659007064
1.4172217343284672
1.3466268139883035
1.2906700772265494
1.2506122345084842
1.2273571692814869
1.2214315919422942
1.2329731634321497
1.2617273556665534
1.307053119789928
1.3679372354301627
1.4430170191564102
1.530610882594566
1.6287560543452524
1.7352526189387287
1.8477128841639614
1.9636149684122104
2.0803594048674183
2.19532749158603
2.305940077260437
2.409715462634907
2.5043251173616885
2.587645961103338
2.6578080348047757
2.713236491543645
2.7526869638966045
2.7752735134685778
2.7804885347823904
2.768214166377632
2.7387249526632766
2.692681696526235
2.631116640505875
2.555410309060502
2.4672605317031246
2.3686443423654904
2.26177361031822
2.149045398738512
2.0329881654140585
1.9162050134436424
1.801315266044358
1.6908956772146815
1.5874225981862962
1.4932163981417526
1.410389387061392
1.3407984099279913
1.28600317662705
1.2472312630899172
1.2253505694281515
1.220849853364527
1.2338277759390222
1.2639907053289299
1.3106593279631138
1.3727839183476906
1.4489679245950056
1.5374993399257861
1.636389155588851
1.7434160316396303
1.856176182408592
1.9721373564085334
2.0886956985047345
2.2032342174683803
2.3131815460042993
2.416069673797903
2.5095893572100465
2.5916419614438144
2.6603865711416432
2.714281311644948
2.7521179531748037
2.773049021051053
2.7766068033704805
2.76271382953271
2.7316845845486406
2.684218420888876
2.621383827308615
2.544594408181486
2.4555771130289887
2.3563334299640593
2.249094414768589
2.1362705657473287
2.020397670235963
1.904079839090358
1.7899310086159113
1.6805162237930453
1.5782940215448649
1.4855612080663176
1.40440127044633
1.3366375811735747
1.283792446456428
1.2470529180263445
1.2272441361793547
1.2248108026545608
1.239807199350424
1.271895976940225
1.3203557404780673
1.3840972615098175
1.4616879524567263
1.551384053474396
1.6511698087737152
1.758802752413517
1.8718640863624196
1.9878130192611334
2.1040438453648496
2.2179444816058624
2.3269551479712884
2.4286258731750143
2.5206715339889576
2.601023191993714
2.6678745746685517
2.7197226567977957
2.7554014306755867
2.7741081065679443
2.775421154904271
2.7593097849016806
2.726134646659643
2.676639740879857
2.611935717839991
2.5334749406449584
2.4430188727523316
2.342598522165089
2.2344688306332876
2.121058032204088
2.00491311845242
1.8886426351747605
1.7748580952719422
1.6661153236372772
1.5648570514052416
1.4733580488688671
1.3936740293706116
1.3275954717919314
1.276607398812729
1.2418560143637913
1.2241229496569628
1.2238076963084394
1.240918621207597
1.2750727650563558
1.3255044292404992
1.39108235832477
1.470335132420497
1.5614841992933648
1.662483804500611
1.7710669229247582
1.884796160284308
2.001118481577731
2.1174225374625393
2.2310973012166873
2.339590699485654
2.4404669201466676
2.5314611103188955
2.6105302361482297
2.675898962181622
2.7260995199833493
2.7600046706225845
2.7768530207470605
2.7762661236686226
2.7582569813669546
2.7232297564247707
2.6719707003045983
2.605630501630946
2.5256984508222704
2.4339690011976596
2.3325014774362107
2.223573836158046
2.109631516968696
1.9932325325634914
1.8769900309495269
1.7635136196129086
1.6553507692633902
1.554929613002718
1.464504425427107
1.3861050059919384
1.3214911032895411
1.2721129036877685
1.239078471590239
1.2231288724669747
1.2246215372726095
1.2435222417929512
1.2794058809958078
1.3314660209533435
1.398533013786348
1.479100268782401
1.5713580896785388
1.6732343181879723
1.7824408710054396
1.8965251251793727
2.012924997863359
2.1290264834994233
2.2422223563044605
2.349970719767928
2.4498520883111294
2.539623719228782
2.6172699747914985
2.6810475835464236
2.7295247844101347
2.761613474530356
2.776593639015702
2.774129513966938
2.754277119896354
2.7174829964245015
2.664574166743306
2.5967395572938154
2.5155032900023517
2.4226904469410084
2.320386076328343
2.210888360567233
2.096656998120604
1.980257958507832
1.8643058511513284
1.751405202385032
1.644091959451042
1.5447765352068927
1.455689672658713
1.378832345101985
1.3159308170142232
1.2683978749382132
1.2373010990235418
1.223338887770073
1.2268247743909653
1.2476803869953275
1.2854372106637821
1.3392471118137381
1.4079013884645248
1.4898579185351266
1.5832757964392952
1.6860566800686863
1.7958919195512264
1.9103144093236428
2.0267539989801215
2.142595218435641
2.2552360209675917
2.362146224840043
2.4609243409848576
2.549351510460673
2.625441340320584
2.6874845186343492
2.734087206662425
2.764202345933822
2.7771531770990565
2.7726484423398423
2.7507889298904575
2.712065213667358
2.657346638746842
2.587861800034414
2.5051709525186445
2.4111309727061703
2.3078536581235074
2.1976583013885986
2.083019603940327
1.9665120991798295
1.850752333172733
1.738340101425754
1.6318000614533996
1.5335250324145244
1.4457222552137152
1.3703638199796502
1.3091423742447512
1.2634331065594
1.2342628593429805
1.2222870646680586
1.227775020988734
1.2506038415051182
1.2902612101097763
1.3458568830624247
1.4161426781283448
1.4995405023048445
1.5941777887293938
1.6979295469671472
1.808466082351341
1.923305312733091
2.0398685077467005
2.155538198831537
2.2677169594980997
2.373885735779004
2.4716604169042893
2.558845375757911
2.6334827767211215
2.6938965435604234
2.7387299999383035
2.7669763372208913
2.7780012253368906
2.7715570588891207
2.7477885185712134
2.7072293229786846
2.6507902437457123
2.579738653143385
2.495670063435635
2.400472297134976
2.296283092792569
2.1854420983794682
2.07043833035736
1.9538542783670965
1.8383079107949576
1.7263938836180652
1.6206252728230277
1.5233771389338606
1.4368331910405843
1.3629367481126247
1.30334709887448
1.2594022402823581
1.2320888313923992
1.2220200373706824
1.2294217612015454
1.2541275722831815
1.2955824457883196
1.3528552287993005
1.424659553244686
1.5093827259700172
1.6051219471285558
1.7097270435020349
1.8208487570526077
1.9359915042510634
2.0525694213247165
2.1679644367759523
2.2795850669964186
2.3849246145646945
2.4816174622315783
2.5674921983655934
2.6406203807914097
2.6993598439075304
2.7423915765169156
2.7687493421931033
2.7778413769921264
2.769463677246795
2.7438045790488492
2.701440526594506
2.643323124447964
2.5707577645215283
2.485374307784226
2.38909047914376
2.284068797592205
2.1726680088888553
2.057390111513626
1.9408241655887313
1.8255881467125188
1.7142701505548692
1.6093702686424236
1.5132444406867362
1.4280515444178075
1.355704911176278
1.297829356122777
1.255724688074707
1.2303365184605237
1.2222350249573846
1.2316021467313352
1.258227498841973
1.3015130975583737
1.3604867904575673
1.4338240896848935
1.5198779180374706
1.6167155998260025
1.722162265767127
1.833849697112427
1.9492695120660744
2.065829500024155
2.1809118384751143
2.2919318851200914
2.3963962248536914
2.4919586679801142
2.576472942050683
2.6480408939633615
2.705055119795261
2.7462350649809077
2.7706557840918045
2.777768714323256
2.7674139961503395
2.739824064448339
2.6956184294206755
2.635789764536485
2.5616816139070964
2.4749582197412616
2.3775671474863556
2.271695548012503
2.1597210390962047
2.044158309300229
1.9276026434135627
1.8126716377515208
1.7019464142691114
1.5979136536974012
1.5029097495201449
1.4190683369793555
1.348272375503455
1.292111860692317
1.2518481155664345
1.2283854630318736
1.2222509157468961
1.2335823395228758
1.2621253560949994
1.3072390548309256
1.3679103851157677
1.4427769062023552
1.5301573836248192
1.6280895450563042
1.734374147705477
1.8466243676024225
1.9623194016057293
2.078861078353249
2.193632206803867
2.3040553519942626
2.40765071803945
2.502091838454373
2.585257823115746
2.6552809885128164
2.7105888016161592
2.749939195396534
2.7724484628833386
2.77761110332128
2.7653111747214973
2.7358248978505975
2.68981445317407
2.628313110057065
2.5527020221836034
2.4646792103134216
2.3662214289506363
2.2595397733098976
2.1470300235447124
2.0312188413920094
1.9147070275325466
1.800111113976562
1.690004603175713
1.5868601734960965
1.492994148984817
1.4105144805115544
1.3412734065088916
