0.0
0.05886177822875576
0.2283163576122483
0.4923523331871297
0.8290324240756877
1.2122897307884035
1.614007076513489
2.006206791612092
2.363170762458143
2.6633184283371616
2.8906929343992216
3.0359408160063834
3.0967152812926884
3.07748343173045
2.9887691978194146
2.845911867770716
2.667460664159429
2.473355372828142
2.283059036524639
2.113809889708396
1.9791460491218782
1.8878293208912131
1.8432563650092806
1.8433998610497546
1.8812733826338974
1.9458658276828742
2.023448764100095
2.0991267317388402
2.158479346859038
2.1891368379653517
2.1821379895934303
2.1329406557674453
2.041988053153299
1.914775914195511
1.7614124401441376
1.5957105649201295
1.43389598569875
1.2930507285224908
1.1894373827019216
1.1368612320864586
1.145225210093061
1.2194160856202447
1.3586310116495088
1.5562141556831748
1.800027120035416
2.0733283924240293
2.3560905167527206
2.626643252426466
2.8635003698247017
3.0472097106411566
3.162062401858773
3.1975080520059347
3.149147464165
3.0192107226821547
2.8164732549069886
2.555611679096234
2.2560505588616997
1.9403962069816285
1.632590402060121
1.3559420155597461
1.1312058334724064
0.9748742628031349
0.8978294254326329
0.9044719449341353
0.992401266853397
1.1526742753853518
1.3706185245943783
1.6271280480982726
1.9003277213628997
2.1674602353410872
2.4068307150803046
2.5996395536953596
2.731544509457616
2.793817584163439
2.7839984754192653
2.7059912388868237
2.5696002160563483
2.389550884120902
2.184086662061335
1.9732698380994267
1.7771403851401726
1.6138982513526725
1.4982717326733823
1.440217053877742
1.4440638989389374
1.508181082953983
1.625189493498231
1.7827000721414281
1.9645073792416599
2.1521284128827882
2.326545487904133
2.469993875454012
2.567631164141289
2.6089362492181016
2.5887104889977812
2.507589664741657
2.3720196921388856
2.1936975749311594
1.988527501920755
1.77518591800508
1.5734249006772416
1.4022670539441509
1.2782552416119601
1.2139159051955286
1.2165758483931142
1.2876409008805654
1.4224036104071525
1.6103997443301634
1.8362841495370668
2.081149832909467
2.3241741683140233
2.544446496741922
2.7228147296955005
2.8435863992030193
2.895932133440982
2.8748656731948237
2.781711963191249
2.624020225629577
2.414928209812408
2.1720326178901646
1.9158646783756006
1.6681050507968371
1.449695550426627
1.279014495682519
1.1702769638050659
1.1323013763901602
1.1677513884685045
1.2729199088872984
1.4380739869327641
1.6483295424784394
1.8849779254164343
2.127146249336175
2.3536439192933343
2.5448313912909786
2.684345416951013
2.7605279941644816
2.767432801301164
2.7053206653540447
2.580601230179351
2.4052273783845526
2.1955977131286435
1.971066176254772
1.7521927653483367
1.5588922076466891
1.4086463180509732
1.3149398297081327
1.2860592791723096
1.3243618683249012
1.4260790378045891
1.5816715472735292
1.7767034543594582
1.993155933644982
2.211062531190275
2.4103187239572024
2.5725031119996515
2.682546599911881
2.7300996053726347
2.7104744391913913
2.6250781053792367
2.481296460717717
2.291839862301781
2.07360871727481
1.8461804110598492
1.6300530755438483
1.4448035251730953
1.3073244785201688
1.230299195889372
1.2210505214041596
1.280867907936376
1.4048733094969632
1.5824386631245435
1.798118355347639
2.0330139864386867
2.2664500293666214
2.4778110927358945
2.6483769343599417
2.7629914406783063
2.8114164862464044
2.7892496091545222
2.698323284141778
2.5465497795574557
2.347225023353723
2.1178531633712923
1.8785962791205137
1.6504871661918203
1.4535642810106708
1.305094911143799
1.218044799684716
1.1999304989131894
1.2521566163680526
1.3698968892909216
1.5425295386294164
1.7545879384926968
1.9871417013465502
2.2194849228931464
2.430980976366666
2.602899334412194
2.720080668073704
2.7722818560032034
2.75508115751669
2.670263103527079
2.525649129310386
2.334389462343436
2.1137798677902655
1.8837092498625463
1.6648770244931246
1.4769396797742385
1.336752196940716
1.2568614603412627
1.2443862059051343
1.300383463654845
1.4197579334254047
1.5917221833879074
1.80076631669114
2.028050212580359
2.2530936833060777
2.4556132706605966
2.6173413134749044
2.72366451867136
2.764935419335813
2.737339359561563
2.643239392395261
2.49096816168504
2.2940852887412286
2.070166581141738
1.8392332521920909
1.6219615433444732
1.43783279991111
1.3033894052304413
1.230752550585139
1.2265344489864578
1.2912423774815902
1.419228001229342
1.599186717749904
1.8151626136277048
2.04796943948903
2.2769008197841725
2.4815770451011985
2.6437635586554133
2.7489987397658484
2.787885584545052
2.7569318708370547
2.6588636933754355
2.502384267625578
2.3013994283495784
2.073778868221703
1.8397636196699012
1.620161876489023
1.4344941585303599
1.2992533537911746
1.226434922287208
1.2224684301050028
1.2876457533556085
1.4160969498723532
1.5963159012707098
1.8121887459707655
2.044433238214499
2.272320487423296
2.47552533203689
2.635940132457895
2.739290052729271
2.776405646122404
2.74403918040579
2.645151898796113
2.4886466715087905
2.28857002914153
2.062854958292147
1.831716849224146
1.6158459524463522
1.4345578603049494
1.3040672597771366
1.2360391712203982
1.2365470810789307
1.305531011155673
1.4368038921314696
1.6186056158318376
1.834655206210086
2.0656070446700747
2.2907809868575177
2.4900117400605573
2.6454522184770064
2.743169709144033
2.774392196354992
2.7362934526113225
2.6322467167064016
2.4715242624732956
2.268469672958729
2.0412167510272154
1.810069509316971
1.5956879707064326
1.4172418689554866
1.290697216953038
1.2273888496327445
1.2330065093206906
1.3070851042600846
1.44304473575298
1.6287769786972466
1.8477251013412777
2.0803617821318863
2.3059323667191696
2.5043079793031175
2.657782979595333
2.752656217604238
2.7804548405203184
2.7386913254032255
2.6310860972797867
2.467235821322999
2.261756966797462
2.032981107165261
1.8013184588459457
1.5874357942183492
1.4104114455176664
1.2860321641225205
1.2253839312904482
1.2338625631350766
1.310692459435522
1.4489964616109665
1.6364105636217325
1.8561885571753707
2.088697935973625
2.313173441181233
2.509571622864531
2.660360774774954
2.7520863778287055
2.7765722446713808
2.7316501020733033
2.621352472435041
2.455551657535656
2.249077104379317
2.0203900250820617
1.7899336884005959
1.5783067674209592
1.404422928772521
1.2838210722909937
1.2272771672556957
1.2398416849910665
1.3203886050044165
1.4617162695780654
1.651191062465048
1.8718763949535153
2.1040461288537227
2.326947223650242
2.5206541318768103
2.6678492714065722
2.7553705078270436
2.775387394347979
2.7261010813835496
2.611905360420284
2.442994445791461
2.234452523249383
2.0049063905792295
1.7748615472513278
1.5648703705157343
1.3936960180573377
1.2766360820807847
1.2241557520145832
1.2409525973294484
1.3255365277204558
1.4703624690262826
1.6625039204938112
1.8848072427043112
2.117423581672597
2.3395815994396716
2.531442668467684
2.6758728181199065
2.7599731548413127
2.7762320494720427
2.723196168600115
2.605600404326359
2.4339450893255523
2.2235582543299177
1.9932266831060905
1.763518036833708
1.5549439149564122
1.386127928077478
1.272142411095664
1.2231623414522363
1.2435566935993805
1.3314983875093793
1.4791276664478126
1.6732543051082467
1.8965359192653757
2.1290271215634604
2.3499611436000074
2.5396047809196105
2.681020969573916
2.761581555380283
2.7740951327078656
2.7174492151085086
2.5967093838207056
2.422666566768428
2.2108728972164515
1.9802522842435224
1.7514098159668756
1.5447910176213528
1.378855397219118
1.268427433722811
1.2233723106621326
1.2477146879882843
1.3392792281436503
1.4898849841622253
1.6860762815283357
1.910324801100679
2.1425954786333588
2.3621363372495967
2.549332365711808
2.6874578343368274
2.7641705129549687
2.772614310960973
2.7120318387311557
2.5878321678570706
2.4111077341552303
2.1976435349747243
1.9665071253275497
1.738345364514473
1.5335400611252676
1.3703872694862578
1.2634628787902076
1.2223204958888108
1.250637940459073
1.345888598386655
1.4995669953261184
1.6979484455001312
1.923314923200899
2.15553765775219
2.373875087078549
2.5588255669978004
2.69386934141127
2.766944169729727
2.7715227986281885
2.707196030446294
2.5797093033394716
2.4004495137384185
2.185427919276466
1.953849973480489
1.726399841316435
1.5233928311737996
1.362960777434851
1.2594324644706127
1.2220537606446986
1.254161785953211
1.3528868798906992
1.509408989826983
1.7097455760230786
1.9360006512270653
2.167963381632338
2.3849134513102297
2.567471923230194
2.6993322664136787
2.768716923601277
2.7694293108019865
2.7014072791990564
2.570728602904776
2.3890680049836863
2.172654226541282
1.9408203031671265
1.7142765503385953
1.513260528643255
1.35572924831654
1.255755099051861
1.2222687924199183
1.2582616061796765
1.3605181912568294
1.5199038081774305
1.7221803338530959
1.9492781458323991
2.1809102687233404
2.3963845940720825
2.57645229158941
2.7050272967468523
2.7706232761988807
2.7673797094915598
2.695585428736914
2.561652848766649
2.377545188752368
2.159707849238602
1.9275994011838593
1.7019534093997053
1.5029263568539406
1.3482971108637287
1.2518787683746675
1.222284746540124
1.2621593412965477
1.3679414871919435
1.5301828224923057
1.734391649142405
1.962327400473664
2.1936299869247318
2.407638476230117
2.585236651658171
2.710560590727274
2.772415731895598
2.7652768470535536
2.6897815951926343
2.5526735692835625
2.3661999233227253
2.147017387056457
1.9147043900119936
1.6900122014387857
1.493011305628018
1.3412985903639818
